# Created by Octave 3.6.4, Fri Apr 24 02:15:27 2015 EEST <tretjakov@alligaator.at.mt.ut.ee>
# name: trainerror
# type: scalar
0.447


# name: testerror
# type: scalar
0.43


