# Created by Octave 3.6.4, Thu Apr 23 22:11:55 2015 EEST <tretjakov@alligaator.at.mt.ut.ee>
# name: trainerror
# type: scalar
0.405


# name: testerror
# type: scalar
0.4025


