# Created by Octave 3.6.4, Fri Apr 24 00:18:26 2015 EEST <tretjakov@alligaator.at.mt.ut.ee>
# name: trainerror
# type: scalar
0.5034


# name: testerror
# type: scalar
0.51


