# Created by Octave 3.6.4, Fri Apr 24 03:03:23 2015 EEST <tretjakov@alligaator.at.mt.ut.ee>
# name: trainerror
# type: scalar
0.9118000000000001


# name: testerror
# type: scalar
0.8375


