# Created by Octave 3.6.4, Thu Apr 23 21:20:57 2015 EEST <tretjakov@alligaator.at.mt.ut.ee>
# name: trainerror
# type: scalar
0.6036


# name: testerror
# type: scalar
0.525


