# Created by Octave 3.6.4, Fri Apr 24 00:09:52 2015 EEST <tretjakov@alligaator.at.mt.ut.ee>
# name: trainerror
# type: scalar
0.6464


# name: testerror
# type: scalar
0.6274999999999999


