# Created by Octave 3.6.4, Fri Apr 24 03:49:16 2015 EEST <tretjakov@alligaator.at.mt.ut.ee>
# name: trainerror
# type: scalar
0.6415999999999999


# name: testerror
# type: scalar
0.5825


