# Created by Octave 3.6.4, Thu Apr 23 23:47:54 2015 EEST <tretjakov@alligaator.at.mt.ut.ee>
# name: trainerror
# type: scalar
0.5992


# name: testerror
# type: scalar
0.555


