# Created by Octave 3.6.4, Thu Apr 23 20:53:28 2015 EEST <tretjakov@alligaator.at.mt.ut.ee>
# name: trainerror
# type: scalar
0.4374


# name: testerror
# type: scalar
0.4325


