# Created by Octave 3.6.4, Fri Apr 24 03:34:43 2015 EEST <tretjakov@alligaator.at.mt.ut.ee>
# name: trainerror
# type: scalar
0.9176


# name: testerror
# type: scalar
0.8125


