# Created by Octave 3.6.4, Fri Apr 24 01:04:18 2015 EEST <tretjakov@alligaator.at.mt.ut.ee>
# name: trainerror
# type: scalar
0.7804


# name: testerror
# type: scalar
0.6850000000000001


