# Created by Octave 3.6.4, Thu Apr 23 21:26:26 2015 EEST <tretjakov@alligaator.at.mt.ut.ee>
# name: trainerror
# type: scalar
0.5508


# name: testerror
# type: scalar
0.4825


