# Created by Octave 3.6.4, Thu Apr 23 21:47:04 2015 EEST <tretjakov@alligaator.at.mt.ut.ee>
# name: trainerror
# type: scalar
0.4504


# name: testerror
# type: scalar
0.4325


