# Created by Octave 3.6.4, Thu Apr 23 20:15:06 2015 EEST <tretjakov@alligaator.at.mt.ut.ee>
# name: trainerror
# type: scalar
0.5228


# name: testerror
# type: scalar
0.46


