# Created by Octave 3.6.4, Fri Apr 24 05:31:05 2015 EEST <tretjakov@alligaator.at.mt.ut.ee>
# name: trainerror
# type: scalar
0.8758


# name: testerror
# type: scalar
0.785


