# Created by Octave 3.6.4, Thu Apr 23 23:17:32 2015 EEST <tretjakov@alligaator.at.mt.ut.ee>
# name: trainerror
# type: scalar
0.3246


# name: testerror
# type: scalar
0.32


