# Created by Octave 3.6.4, Thu Apr 23 23:30:54 2015 EEST <tretjakov@alligaator.at.mt.ut.ee>
# name: trainerror
# type: scalar
0.8358


# name: testerror
# type: scalar
0.7524999999999999


