# Created by Octave 3.6.4, Fri Apr 24 00:28:31 2015 EEST <tretjakov@alligaator.at.mt.ut.ee>
# name: trainerror
# type: scalar
0.4838


# name: testerror
# type: scalar
0.4525


