# Created by Octave 3.6.4, Thu Apr 23 19:45:43 2015 EEST <tretjakov@alligaator.at.mt.ut.ee>
# name: trainerror
# type: scalar
0.5602


# name: testerror
# type: scalar
0.5024999999999999


