# Created by Octave 3.6.4, Thu Apr 23 20:32:14 2015 EEST <tretjakov@alligaator.at.mt.ut.ee>
# name: trainerror
# type: scalar
0.2138


# name: testerror
# type: scalar
0.1825


