# Created by Octave 3.6.4, Fri Apr 24 00:31:50 2015 EEST <tretjakov@alligaator.at.mt.ut.ee>
# name: trainerror
# type: scalar
0.805


# name: testerror
# type: scalar
0.745


