# Created by Octave 3.6.4, Thu Apr 23 18:35:00 2015 EEST <tretjakov@alligaator.at.mt.ut.ee>
# name: trainerror
# type: scalar
0.3158


# name: testerror
# type: scalar
0.325


