# Created by Octave 3.6.4, Thu Apr 23 19:53:56 2015 EEST <tretjakov@alligaator.at.mt.ut.ee>
# name: trainerror
# type: scalar
0.3342


# name: testerror
# type: scalar
0.33


