# Created by Octave 3.6.4, Thu Apr 23 23:24:56 2015 EEST <tretjakov@alligaator.at.mt.ut.ee>
# name: trainerror
# type: scalar
0.579


# name: testerror
# type: scalar
0.575


