# Created by Octave 3.6.4, Fri Apr 24 02:28:12 2015 EEST <tretjakov@alligaator.at.mt.ut.ee>
# name: trainerror
# type: scalar
0.4102


# name: testerror
# type: scalar
0.3775


