# Created by Octave 3.6.4, Thu Apr 23 23:11:46 2015 EEST <tretjakov@alligaator.at.mt.ut.ee>
# name: trainerror
# type: scalar
0.6968


# name: testerror
# type: scalar
0.6375


