# Created by Octave 3.6.4, Fri Apr 24 05:54:27 2015 EEST <tretjakov@alligaator.at.mt.ut.ee>
# name: trainerror
# type: scalar
0.9388


# name: testerror
# type: scalar
0.8149999999999999


