# Created by Octave 3.6.4, Fri Apr 24 03:43:51 2015 EEST <tretjakov@alligaator.at.mt.ut.ee>
# name: trainerror
# type: scalar
0.5814


# name: testerror
# type: scalar
0.5600000000000001


