# Created by Octave 3.6.4, Thu Apr 23 19:04:24 2015 EEST <tretjakov@alligaator.at.mt.ut.ee>
# name: trainerror
# type: scalar
0.2528


# name: testerror
# type: scalar
0.25


