# Created by Octave 3.6.4, Fri Apr 24 05:34:10 2015 EEST <tretjakov@alligaator.at.mt.ut.ee>
# name: trainerror
# type: scalar
0.927


# name: testerror
# type: scalar
0.82


