# Created by Octave 3.6.4, Thu Apr 23 21:58:26 2015 EEST <tretjakov@alligaator.at.mt.ut.ee>
# name: trainerror
# type: scalar
0.6108


# name: testerror
# type: scalar
0.5925


