# Created by Octave 3.6.4, Fri Apr 24 03:06:39 2015 EEST <tretjakov@alligaator.at.mt.ut.ee>
# name: trainerror
# type: scalar
0.6896


# name: testerror
# type: scalar
0.6425


