# Created by Octave 3.6.4, Fri Apr 24 04:37:15 2015 EEST <tretjakov@alligaator.at.mt.ut.ee>
# name: trainerror
# type: scalar
0.8562


# name: testerror
# type: scalar
0.79


