# Created by Octave 3.6.4, Thu Apr 23 22:33:33 2015 EEST <tretjakov@alligaator.at.mt.ut.ee>
# name: trainerror
# type: scalar
0.5844


# name: testerror
# type: scalar
0.54


