# Created by Octave 3.6.4, Thu Apr 23 23:47:02 2015 EEST <tretjakov@alligaator.at.mt.ut.ee>
# name: trainerror
# type: scalar
0.8186


# name: testerror
# type: scalar
0.7475000000000001


