# Created by Octave 3.6.4, Thu Apr 23 19:26:20 2015 EEST <tretjakov@alligaator.at.mt.ut.ee>
# name: trainerror
# type: scalar
0.2914


# name: testerror
# type: scalar
0.2875


