# Created by Octave 3.6.4, Thu Apr 23 18:33:45 2015 EEST <tretjakov@alligaator.at.mt.ut.ee>
# name: trainerror
# type: scalar
0.3022


# name: testerror
# type: scalar
0.3075


