# Created by Octave 3.6.4, Thu Apr 23 19:34:23 2015 EEST <tretjakov@alligaator.at.mt.ut.ee>
# name: trainerror
# type: scalar
0.314


# name: testerror
# type: scalar
0.275


