# Created by Octave 3.6.4, Thu Apr 23 22:33:06 2015 EEST <tretjakov@alligaator.at.mt.ut.ee>
# name: trainerror
# type: scalar
0.4664


# name: testerror
# type: scalar
0.455


