# Created by Octave 3.6.4, Fri Apr 24 01:18:32 2015 EEST <tretjakov@alligaator.at.mt.ut.ee>
# name: trainerror
# type: scalar
0.4788


# name: testerror
# type: scalar
0.4425


