# Created by Octave 3.6.4, Fri Apr 24 00:53:20 2015 EEST <tretjakov@alligaator.at.mt.ut.ee>
# name: trainerror
# type: scalar
0.619


# name: testerror
# type: scalar
0.5625


