# Created by Octave 3.6.4, Thu Apr 23 23:07:13 2015 EEST <tretjakov@alligaator.at.mt.ut.ee>
# name: trainerror
# type: scalar
0.5534


# name: testerror
# type: scalar
0.53


