# Created by Octave 3.6.4, Thu Apr 23 21:04:15 2015 EEST <tretjakov@alligaator.at.mt.ut.ee>
# name: trainerror
# type: scalar
0.615


# name: testerror
# type: scalar
0.5625


