# Created by Octave 3.6.4, Thu Apr 23 22:12:28 2015 EEST <tretjakov@alligaator.at.mt.ut.ee>
# name: trainerror
# type: scalar
0.649


# name: testerror
# type: scalar
0.5925


