# Created by Octave 3.6.4, Fri Apr 24 04:57:23 2015 EEST <tretjakov@alligaator.at.mt.ut.ee>
# name: trainerror
# type: scalar
0.5198


# name: testerror
# type: scalar
0.4825


