# Created by Octave 3.6.4, Thu Apr 23 22:10:55 2015 EEST <tretjakov@alligaator.at.mt.ut.ee>
# name: trainerror
# type: scalar
0.8110000000000001


# name: testerror
# type: scalar
0.74


