# Created by Octave 3.6.4, Fri Apr 24 01:37:53 2015 EEST <tretjakov@alligaator.at.mt.ut.ee>
# name: trainerror
# type: scalar
0.4086


# name: testerror
# type: scalar
0.3725


