# Created by Octave 3.6.4, Thu Apr 23 22:34:40 2015 EEST <tretjakov@alligaator.at.mt.ut.ee>
# name: trainerror
# type: scalar
0.6004


# name: testerror
# type: scalar
0.5600000000000001


