# Created by Octave 3.6.4, Thu Apr 23 20:10:58 2015 EEST <tretjakov@alligaator.at.mt.ut.ee>
# name: trainerror
# type: scalar
0.3142


# name: testerror
# type: scalar
0.3575


