# Created by Octave 3.6.4, Fri Apr 24 00:04:42 2015 EEST <tretjakov@alligaator.at.mt.ut.ee>
# name: trainerror
# type: scalar
0.4366


# name: testerror
# type: scalar
0.3625


