# Created by Octave 3.6.4, Thu Apr 23 22:58:49 2015 EEST <tretjakov@alligaator.at.mt.ut.ee>
# name: trainerror
# type: scalar
0.331


# name: testerror
# type: scalar
0.345


