# Created by Octave 3.6.4, Thu Apr 23 19:46:53 2015 EEST <tretjakov@alligaator.at.mt.ut.ee>
# name: trainerror
# type: scalar
0.5796


# name: testerror
# type: scalar
0.5575


