# Created by Octave 3.6.4, Fri Apr 24 02:27:39 2015 EEST <tretjakov@alligaator.at.mt.ut.ee>
# name: trainerror
# type: scalar
0.7428


# name: testerror
# type: scalar
0.67


