# Created by Octave 3.6.4, Thu Apr 23 23:40:13 2015 EEST <tretjakov@alligaator.at.mt.ut.ee>
# name: trainerror
# type: scalar
0.4254


# name: testerror
# type: scalar
0.4175


