# Created by Octave 3.6.4, Thu Apr 23 18:46:29 2015 EEST <tretjakov@alligaator.at.mt.ut.ee>
# name: trainerror
# type: scalar
0.2326


# name: testerror
# type: scalar
0.26


