# Created by Octave 3.6.4, Fri Apr 24 01:40:49 2015 EEST <tretjakov@alligaator.at.mt.ut.ee>
# name: trainerror
# type: scalar
0.6356000000000001


# name: testerror
# type: scalar
0.5925


