# Created by Octave 3.6.4, Thu Apr 23 20:28:52 2015 EEST <tretjakov@alligaator.at.mt.ut.ee>
# name: trainerror
# type: scalar
0.3754


# name: testerror
# type: scalar
0.375


