# Created by Octave 3.6.4, Thu Apr 23 20:49:48 2015 EEST <tretjakov@alligaator.at.mt.ut.ee>
# name: trainerror
# type: scalar
0.2966


# name: testerror
# type: scalar
0.285


