# Created by Octave 3.6.4, Thu Apr 23 23:12:18 2015 EEST <tretjakov@alligaator.at.mt.ut.ee>
# name: trainerror
# type: scalar
0.7672


# name: testerror
# type: scalar
0.72


