# Created by Octave 3.6.4, Fri Apr 24 00:57:42 2015 EEST <tretjakov@alligaator.at.mt.ut.ee>
# name: trainerror
# type: scalar
0.8836000000000001


# name: testerror
# type: scalar
0.8100000000000001


