# Created by Octave 3.6.4, Thu Apr 23 20:06:42 2015 EEST <tretjakov@alligaator.at.mt.ut.ee>
# name: trainerror
# type: scalar
0.4206


# name: testerror
# type: scalar
0.415


