# Created by Octave 3.6.4, Thu Apr 23 20:05:34 2015 EEST <tretjakov@alligaator.at.mt.ut.ee>
# name: trainerror
# type: scalar
0.398


# name: testerror
# type: scalar
0.38


