# Created by Octave 3.6.4, Fri Apr 24 05:01:44 2015 EEST <tretjakov@alligaator.at.mt.ut.ee>
# name: trainerror
# type: scalar
0.3024


# name: testerror
# type: scalar
0.285


