# Created by Octave 3.6.4, Fri Apr 24 00:21:47 2015 EEST <tretjakov@alligaator.at.mt.ut.ee>
# name: trainerror
# type: scalar
0.8414


# name: testerror
# type: scalar
0.7325


