# Created by Octave 3.6.4, Fri Apr 24 00:05:28 2015 EEST <tretjakov@alligaator.at.mt.ut.ee>
# name: trainerror
# type: scalar
0.8224


# name: testerror
# type: scalar
0.73


