# Created by Octave 3.6.4, Fri Apr 24 02:23:46 2015 EEST <tretjakov@alligaator.at.mt.ut.ee>
# name: trainerror
# type: scalar
0.9114


# name: testerror
# type: scalar
0.8075


