# Created by Octave 3.6.4, Fri Apr 24 03:02:00 2015 EEST <tretjakov@alligaator.at.mt.ut.ee>
# name: trainerror
# type: scalar
0.7768


# name: testerror
# type: scalar
0.6825


