# Created by Octave 3.6.4, Thu Apr 23 21:00:31 2015 EEST <tretjakov@alligaator.at.mt.ut.ee>
# name: trainerror
# type: scalar
0.3858


# name: testerror
# type: scalar
0.385


