# Created by Octave 3.6.4, Fri Apr 24 02:30:05 2015 EEST <tretjakov@alligaator.at.mt.ut.ee>
# name: trainerror
# type: scalar
0.9412


# name: testerror
# type: scalar
0.865


