# Created by Octave 3.6.4, Thu Apr 23 23:37:31 2015 EEST <tretjakov@alligaator.at.mt.ut.ee>
# name: trainerror
# type: scalar
0.5618


# name: testerror
# type: scalar
0.5225


