# Created by Octave 3.6.4, Fri Apr 24 04:28:56 2015 EEST <tretjakov@alligaator.at.mt.ut.ee>
# name: trainerror
# type: scalar
0.9482


# name: testerror
# type: scalar
0.8425


