# Created by Octave 3.6.4, Fri Apr 24 06:09:33 2015 EEST <tretjakov@alligaator.at.mt.ut.ee>
# name: trainerror
# type: scalar
0.3128


# name: testerror
# type: scalar
0.305


