# Created by Octave 3.6.4, Fri Apr 24 03:19:54 2015 EEST <tretjakov@alligaator.at.mt.ut.ee>
# name: trainerror
# type: scalar
0.9236


# name: testerror
# type: scalar
0.8100000000000001


