# Created by Octave 3.6.4, Fri Apr 24 01:33:23 2015 EEST <tretjakov@alligaator.at.mt.ut.ee>
# name: trainerror
# type: scalar
0.8564000000000001


# name: testerror
# type: scalar
0.79


