# Created by Octave 3.6.4, Fri Apr 24 01:39:16 2015 EEST <tretjakov@alligaator.at.mt.ut.ee>
# name: trainerror
# type: scalar
0.7448


# name: testerror
# type: scalar
0.6775


