# Created by Octave 3.6.4, Thu Apr 23 21:54:58 2015 EEST <tretjakov@alligaator.at.mt.ut.ee>
# name: trainerror
# type: scalar
0.6634


# name: testerror
# type: scalar
0.6425


