# Created by Octave 3.6.4, Thu Apr 23 23:19:38 2015 EEST <tretjakov@alligaator.at.mt.ut.ee>
# name: trainerror
# type: scalar
0.6526


# name: testerror
# type: scalar
0.5675


