# Created by Octave 3.6.4, Thu Apr 23 18:56:29 2015 EEST <tretjakov@alligaator.at.mt.ut.ee>
# name: trainerror
# type: scalar
0.3392


# name: testerror
# type: scalar
0.295


