# Created by Octave 3.6.4, Thu Apr 23 20:52:11 2015 EEST <tretjakov@alligaator.at.mt.ut.ee>
# name: trainerror
# type: scalar
0.5174


# name: testerror
# type: scalar
0.49


