# Created by Octave 3.6.4, Fri Apr 24 03:45:35 2015 EEST <tretjakov@alligaator.at.mt.ut.ee>
# name: trainerror
# type: scalar
0.4994


# name: testerror
# type: scalar
0.5024999999999999


