# Created by Octave 3.6.4, Fri Apr 24 05:44:59 2015 EEST <tretjakov@alligaator.at.mt.ut.ee>
# name: trainerror
# type: scalar
0.7064


# name: testerror
# type: scalar
0.6525


