# Created by Octave 3.6.4, Thu Apr 23 18:55:02 2015 EEST <tretjakov@alligaator.at.mt.ut.ee>
# name: trainerror
# type: scalar
0.221


# name: testerror
# type: scalar
0.2625


