# Created by Octave 3.6.4, Thu Apr 23 20:13:39 2015 EEST <tretjakov@alligaator.at.mt.ut.ee>
# name: trainerror
# type: scalar
0.358


# name: testerror
# type: scalar
0.39


