# Created by Octave 3.6.4, Thu Apr 23 23:00:16 2015 EEST <tretjakov@alligaator.at.mt.ut.ee>
# name: trainerror
# type: scalar
0.43


# name: testerror
# type: scalar
0.4075


