# Created by Octave 3.6.4, Fri Apr 24 01:14:44 2015 EEST <tretjakov@alligaator.at.mt.ut.ee>
# name: trainerror
# type: scalar
0.9068000000000001


# name: testerror
# type: scalar
0.8375


