# Created by Octave 3.6.4, Thu Apr 23 20:47:45 2015 EEST <tretjakov@alligaator.at.mt.ut.ee>
# name: trainerror
# type: scalar
0.4366


# name: testerror
# type: scalar
0.4325


