# Created by Octave 3.6.4, Fri Apr 24 01:14:23 2015 EEST <tretjakov@alligaator.at.mt.ut.ee>
# name: trainerror
# type: scalar
0.8276


# name: testerror
# type: scalar
0.7524999999999999


