# Created by Octave 3.6.4, Thu Apr 23 21:41:13 2015 EEST <tretjakov@alligaator.at.mt.ut.ee>
# name: trainerror
# type: scalar
0.7058


# name: testerror
# type: scalar
0.5975


