# Created by Octave 3.6.4, Thu Apr 23 19:16:34 2015 EEST <tretjakov@alligaator.at.mt.ut.ee>
# name: trainerror
# type: scalar
0.2314


# name: testerror
# type: scalar
0.245


