# Created by Octave 3.6.4, Thu Apr 23 22:23:28 2015 EEST <tretjakov@alligaator.at.mt.ut.ee>
# name: trainerror
# type: scalar
0.7576000000000001


# name: testerror
# type: scalar
0.6725


