# Created by Octave 3.6.4, Thu Apr 23 22:33:12 2015 EEST <tretjakov@alligaator.at.mt.ut.ee>
# name: trainerror
# type: scalar
0.309


# name: testerror
# type: scalar
0.3175


