# Created by Octave 3.6.4, Thu Apr 23 21:51:57 2015 EEST <tretjakov@alligaator.at.mt.ut.ee>
# name: trainerror
# type: scalar
0.6152


# name: testerror
# type: scalar
0.5649999999999999


