# Created by Octave 3.6.4, Thu Apr 23 23:33:17 2015 EEST <tretjakov@alligaator.at.mt.ut.ee>
# name: trainerror
# type: scalar
0.7982


# name: testerror
# type: scalar
0.7375


