# Created by Octave 3.6.4, Thu Apr 23 21:15:51 2015 EEST <tretjakov@alligaator.at.mt.ut.ee>
# name: trainerror
# type: scalar
0.538


# name: testerror
# type: scalar
0.4775


