# Created by Octave 3.6.4, Fri Apr 24 03:47:35 2015 EEST <tretjakov@alligaator.at.mt.ut.ee>
# name: trainerror
# type: scalar
0.6644


# name: testerror
# type: scalar
0.63


