# Created by Octave 3.6.4, Thu Apr 23 21:38:53 2015 EEST <tretjakov@alligaator.at.mt.ut.ee>
# name: trainerror
# type: scalar
0.6238


# name: testerror
# type: scalar
0.5575


