# Created by Octave 3.6.4, Thu Apr 23 20:31:50 2015 EEST <tretjakov@alligaator.at.mt.ut.ee>
# name: trainerror
# type: scalar
0.3586


# name: testerror
# type: scalar
0.33


