# Created by Octave 3.6.4, Fri Apr 24 01:29:06 2015 EEST <tretjakov@alligaator.at.mt.ut.ee>
# name: trainerror
# type: scalar
0.8058


# name: testerror
# type: scalar
0.67


