# Created by Octave 3.6.4, Fri Apr 24 05:10:55 2015 EEST <tretjakov@alligaator.at.mt.ut.ee>
# name: trainerror
# type: scalar
0.8892


# name: testerror
# type: scalar
0.755


