# Created by Octave 3.6.4, Fri Apr 24 04:06:05 2015 EEST <tretjakov@alligaator.at.mt.ut.ee>
# name: trainerror
# type: scalar
0.1126


# name: testerror
# type: scalar
0.1425


