# Created by Octave 3.6.4, Fri Apr 24 01:53:33 2015 EEST <tretjakov@alligaator.at.mt.ut.ee>
# name: trainerror
# type: scalar
0.827


# name: testerror
# type: scalar
0.7175


