# Created by Octave 3.6.4, Thu Apr 23 23:26:27 2015 EEST <tretjakov@alligaator.at.mt.ut.ee>
# name: trainerror
# type: scalar
0.7824


# name: testerror
# type: scalar
0.705


