# Created by Octave 3.6.4, Fri Apr 24 03:10:38 2015 EEST <tretjakov@alligaator.at.mt.ut.ee>
# name: trainerror
# type: scalar
0.7886


# name: testerror
# type: scalar
0.6725


