# Created by Octave 3.6.4, Thu Apr 23 23:04:25 2015 EEST <tretjakov@alligaator.at.mt.ut.ee>
# name: trainerror
# type: scalar
0.6446


# name: testerror
# type: scalar
0.5875


