# Created by Octave 3.6.4, Thu Apr 23 22:31:13 2015 EEST <tretjakov@alligaator.at.mt.ut.ee>
# name: trainerror
# type: scalar
0.4256


# name: testerror
# type: scalar
0.4125


