# Created by Octave 3.6.4, Fri Apr 24 04:41:28 2015 EEST <tretjakov@alligaator.at.mt.ut.ee>
# name: trainerror
# type: scalar
0.707


# name: testerror
# type: scalar
0.6525


