# Created by Octave 3.6.4, Fri Apr 24 03:42:04 2015 EEST <tretjakov@alligaator.at.mt.ut.ee>
# name: trainerror
# type: scalar
0.2818


# name: testerror
# type: scalar
0.265


