# Created by Octave 3.6.4, Thu Apr 23 20:08:01 2015 EEST <tretjakov@alligaator.at.mt.ut.ee>
# name: trainerror
# type: scalar
0.419


# name: testerror
# type: scalar
0.4075


