# Created by Octave 3.6.4, Fri Apr 24 05:23:12 2015 EEST <tretjakov@alligaator.at.mt.ut.ee>
# name: trainerror
# type: scalar
0.5911999999999999


# name: testerror
# type: scalar
0.5649999999999999


