# Created by Octave 3.6.4, Fri Apr 24 02:47:19 2015 EEST <tretjakov@alligaator.at.mt.ut.ee>
# name: trainerror
# type: scalar
0.925


# name: testerror
# type: scalar
0.825


