# Created by Octave 3.6.4, Thu Apr 23 23:49:26 2015 EEST <tretjakov@alligaator.at.mt.ut.ee>
# name: trainerror
# type: scalar
0.8722


# name: testerror
# type: scalar
0.805


