# Created by Octave 3.6.4, Fri Apr 24 01:50:21 2015 EEST <tretjakov@alligaator.at.mt.ut.ee>
# name: trainerror
# type: scalar
0.9318


# name: testerror
# type: scalar
0.8149999999999999


