# Created by Octave 3.6.4, Fri Apr 24 00:34:29 2015 EEST <tretjakov@alligaator.at.mt.ut.ee>
# name: trainerror
# type: scalar
0.487


# name: testerror
# type: scalar
0.4275


