# Created by Octave 3.6.4, Thu Apr 23 23:35:11 2015 EEST <tretjakov@alligaator.at.mt.ut.ee>
# name: trainerror
# type: scalar
0.4046


# name: testerror
# type: scalar
0.3975


