# Created by Octave 3.6.4, Thu Apr 23 19:30:23 2015 EEST <tretjakov@alligaator.at.mt.ut.ee>
# name: trainerror
# type: scalar
0.3422


# name: testerror
# type: scalar
0.3025


