# Created by Octave 3.6.4, Thu Apr 23 22:24:41 2015 EEST <tretjakov@alligaator.at.mt.ut.ee>
# name: trainerror
# type: scalar
0.7625999999999999


# name: testerror
# type: scalar
0.675


