# Created by Octave 3.6.4, Thu Apr 23 23:03:49 2015 EEST <tretjakov@alligaator.at.mt.ut.ee>
# name: trainerror
# type: scalar
0.4006


# name: testerror
# type: scalar
0.4225


