# Created by Octave 3.6.4, Thu Apr 23 19:38:44 2015 EEST <tretjakov@alligaator.at.mt.ut.ee>
# name: trainerror
# type: scalar
0.3528


# name: testerror
# type: scalar
0.35


