# Created by Octave 3.6.4, Thu Apr 23 20:40:09 2015 EEST <tretjakov@alligaator.at.mt.ut.ee>
# name: trainerror
# type: scalar
0.39


# name: testerror
# type: scalar
0.3675


