# Created by Octave 3.6.4, Thu Apr 23 21:02:12 2015 EEST <tretjakov@alligaator.at.mt.ut.ee>
# name: trainerror
# type: scalar
0.4382


# name: testerror
# type: scalar
0.435


