# Created by Octave 3.6.4, Thu Apr 23 23:08:58 2015 EEST <tretjakov@alligaator.at.mt.ut.ee>
# name: trainerror
# type: scalar
0.593


# name: testerror
# type: scalar
0.5600000000000001


