# Created by Octave 3.6.4, Thu Apr 23 19:49:14 2015 EEST <tretjakov@alligaator.at.mt.ut.ee>
# name: trainerror
# type: scalar
0.4216


# name: testerror
# type: scalar
0.455


