# Created by Octave 3.6.4, Fri Apr 24 01:39:45 2015 EEST <tretjakov@alligaator.at.mt.ut.ee>
# name: trainerror
# type: scalar
0.8942


# name: testerror
# type: scalar
0.78


