# Created by Octave 3.6.4, Fri Apr 24 02:26:46 2015 EEST <tretjakov@alligaator.at.mt.ut.ee>
# name: trainerror
# type: scalar
0.7344000000000001


# name: testerror
# type: scalar
0.6675


