# Created by Octave 3.6.4, Thu Apr 23 19:54:31 2015 EEST <tretjakov@alligaator.at.mt.ut.ee>
# name: trainerror
# type: scalar
0.3236


# name: testerror
# type: scalar
0.315


