# Created by Octave 3.6.4, Thu Apr 23 21:11:46 2015 EEST <tretjakov@alligaator.at.mt.ut.ee>
# name: trainerror
# type: scalar
0.5422


# name: testerror
# type: scalar
0.4925


