# Created by Octave 3.6.4, Fri Apr 24 01:58:50 2015 EEST <tretjakov@alligaator.at.mt.ut.ee>
# name: trainerror
# type: scalar
0.517


# name: testerror
# type: scalar
0.4525


