# Created by Octave 3.6.4, Thu Apr 23 18:52:45 2015 EEST <tretjakov@alligaator.at.mt.ut.ee>
# name: trainerror
# type: scalar
0.243


# name: testerror
# type: scalar
0.27


