# Created by Octave 3.6.4, Thu Apr 23 23:21:35 2015 EEST <tretjakov@alligaator.at.mt.ut.ee>
# name: trainerror
# type: scalar
0.7164


# name: testerror
# type: scalar
0.6274999999999999


