# Created by Octave 3.6.4, Fri Apr 24 03:22:01 2015 EEST <tretjakov@alligaator.at.mt.ut.ee>
# name: trainerror
# type: scalar
0.774


# name: testerror
# type: scalar
0.7175


