# Created by Octave 3.6.4, Fri Apr 24 02:50:35 2015 EEST <tretjakov@alligaator.at.mt.ut.ee>
# name: trainerror
# type: scalar
0.8104


# name: testerror
# type: scalar
0.7325


