# Created by Octave 3.6.4, Fri Apr 24 00:59:33 2015 EEST <tretjakov@alligaator.at.mt.ut.ee>
# name: trainerror
# type: scalar
0.7488


# name: testerror
# type: scalar
0.6850000000000001


