# Created by Octave 3.6.4, Fri Apr 24 00:10:12 2015 EEST <tretjakov@alligaator.at.mt.ut.ee>
# name: trainerror
# type: scalar
0.4612


# name: testerror
# type: scalar
0.4325


