# Created by Octave 3.6.4, Thu Apr 23 23:53:35 2015 EEST <tretjakov@alligaator.at.mt.ut.ee>
# name: trainerror
# type: scalar
0.7258


# name: testerror
# type: scalar
0.6675


