# Created by Octave 3.6.4, Fri Apr 24 00:21:22 2015 EEST <tretjakov@alligaator.at.mt.ut.ee>
# name: trainerror
# type: scalar
0.6456


# name: testerror
# type: scalar
0.615


