# Created by Octave 3.6.4, Fri Apr 24 03:55:47 2015 EEST <tretjakov@alligaator.at.mt.ut.ee>
# name: trainerror
# type: scalar
0.4832


# name: testerror
# type: scalar
0.4525


