# Created by Octave 3.6.4, Fri Apr 24 05:27:08 2015 EEST <tretjakov@alligaator.at.mt.ut.ee>
# name: trainerror
# type: scalar
0.9304


# name: testerror
# type: scalar
0.79


