# Created by Octave 3.6.4, Thu Apr 23 22:28:07 2015 EEST <tretjakov@alligaator.at.mt.ut.ee>
# name: trainerror
# type: scalar
0.6058


# name: testerror
# type: scalar
0.55


