# Created by Octave 3.6.4, Thu Apr 23 21:59:39 2015 EEST <tretjakov@alligaator.at.mt.ut.ee>
# name: trainerror
# type: scalar
0.5812


# name: testerror
# type: scalar
0.5375


