# Created by Octave 3.6.4, Fri Apr 24 05:26:28 2015 EEST <tretjakov@alligaator.at.mt.ut.ee>
# name: trainerror
# type: scalar
0.8714


# name: testerror
# type: scalar
0.8025


