# Created by Octave 3.6.4, Thu Apr 23 22:01:16 2015 EEST <tretjakov@alligaator.at.mt.ut.ee>
# name: trainerror
# type: scalar
0.5444


# name: testerror
# type: scalar
0.5375


