# Created by Octave 3.6.4, Fri Apr 24 04:21:43 2015 EEST <tretjakov@alligaator.at.mt.ut.ee>
# name: trainerror
# type: scalar
0.4998


# name: testerror
# type: scalar
0.495


