# Created by Octave 3.6.4, Fri Apr 24 04:10:25 2015 EEST <tretjakov@alligaator.at.mt.ut.ee>
# name: trainerror
# type: scalar
0.405


# name: testerror
# type: scalar
0.3875


