# Created by Octave 3.6.4, Fri Apr 24 05:02:57 2015 EEST <tretjakov@alligaator.at.mt.ut.ee>
# name: trainerror
# type: scalar
0.5994


# name: testerror
# type: scalar
0.515


