# Created by Octave 3.6.4, Fri Apr 24 04:00:59 2015 EEST <tretjakov@alligaator.at.mt.ut.ee>
# name: trainerror
# type: scalar
0.7872


# name: testerror
# type: scalar
0.6899999999999999


