# Created by Octave 3.6.4, Thu Apr 23 23:23:14 2015 EEST <tretjakov@alligaator.at.mt.ut.ee>
# name: trainerror
# type: scalar
0.6896


# name: testerror
# type: scalar
0.63


