# Created by Octave 3.6.4, Fri Apr 24 05:34:56 2015 EEST <tretjakov@alligaator.at.mt.ut.ee>
# name: trainerror
# type: scalar
0.8864


# name: testerror
# type: scalar
0.7725


