# Created by Octave 3.6.4, Thu Apr 23 23:21:58 2015 EEST <tretjakov@alligaator.at.mt.ut.ee>
# name: trainerror
# type: scalar
0.3886


# name: testerror
# type: scalar
0.39


