# Created by Octave 3.6.4, Fri Apr 24 04:52:49 2015 EEST <tretjakov@alligaator.at.mt.ut.ee>
# name: trainerror
# type: scalar
0.8434


# name: testerror
# type: scalar
0.7875


