# Created by Octave 3.6.4, Thu Apr 23 19:13:13 2015 EEST <tretjakov@alligaator.at.mt.ut.ee>
# name: trainerror
# type: scalar
0.2956


# name: testerror
# type: scalar
0.2925


