# Created by Octave 3.6.4, Thu Apr 23 21:38:22 2015 EEST <tretjakov@alligaator.at.mt.ut.ee>
# name: trainerror
# type: scalar
0.518


# name: testerror
# type: scalar
0.49


