# Created by Octave 3.6.4, Fri Apr 24 06:02:28 2015 EEST <tretjakov@alligaator.at.mt.ut.ee>
# name: trainerror
# type: scalar
0.7738


# name: testerror
# type: scalar
0.71


