# Created by Octave 3.6.4, Fri Apr 24 01:38:21 2015 EEST <tretjakov@alligaator.at.mt.ut.ee>
# name: trainerror
# type: scalar
0.8858


# name: testerror
# type: scalar
0.77


