# Created by Octave 3.6.4, Fri Apr 24 02:21:52 2015 EEST <tretjakov@alligaator.at.mt.ut.ee>
# name: trainerror
# type: scalar
0.8398


# name: testerror
# type: scalar
0.735


