# Created by Octave 3.6.4, Fri Apr 24 05:46:42 2015 EEST <tretjakov@alligaator.at.mt.ut.ee>
# name: trainerror
# type: scalar
0.9368


# name: testerror
# type: scalar
0.8375


