# Created by Octave 3.6.4, Fri Apr 24 00:31:53 2015 EEST <tretjakov@alligaator.at.mt.ut.ee>
# name: trainerror
# type: scalar
0.499


# name: testerror
# type: scalar
0.505


