# Created by Octave 3.6.4, Fri Apr 24 03:05:46 2015 EEST <tretjakov@alligaator.at.mt.ut.ee>
# name: trainerror
# type: scalar
0.5174


# name: testerror
# type: scalar
0.4775


