# Created by Octave 3.6.4, Fri Apr 24 01:05:44 2015 EEST <tretjakov@alligaator.at.mt.ut.ee>
# name: trainerror
# type: scalar
0.8692


# name: testerror
# type: scalar
0.77


