# Created by Octave 3.6.4, Fri Apr 24 03:44:34 2015 EEST <tretjakov@alligaator.at.mt.ut.ee>
# name: trainerror
# type: scalar
0.5036


# name: testerror
# type: scalar
0.46


