# Created by Octave 3.6.4, Thu Apr 23 23:26:04 2015 EEST <tretjakov@alligaator.at.mt.ut.ee>
# name: trainerror
# type: scalar
0.322


# name: testerror
# type: scalar
0.2775


