# Created by Octave 3.6.4, Fri Apr 24 03:18:23 2015 EEST <tretjakov@alligaator.at.mt.ut.ee>
# name: trainerror
# type: scalar
0.834


# name: testerror
# type: scalar
0.8


