# Created by Octave 3.6.4, Thu Apr 23 19:28:06 2015 EEST <tretjakov@alligaator.at.mt.ut.ee>
# name: trainerror
# type: scalar
0.2318


# name: testerror
# type: scalar
0.2825


