# Created by Octave 3.6.4, Thu Apr 23 21:53:55 2015 EEST <tretjakov@alligaator.at.mt.ut.ee>
# name: trainerror
# type: scalar
0.5742


# name: testerror
# type: scalar
0.545


