# Created by Octave 3.6.4, Fri Apr 24 03:35:57 2015 EEST <tretjakov@alligaator.at.mt.ut.ee>
# name: trainerror
# type: scalar
0.369


# name: testerror
# type: scalar
0.345


