# Created by Octave 3.6.4, Fri Apr 24 00:35:11 2015 EEST <tretjakov@alligaator.at.mt.ut.ee>
# name: trainerror
# type: scalar
0.791


# name: testerror
# type: scalar
0.7475000000000001


