# Created by Octave 3.6.4, Thu Apr 23 23:48:23 2015 EEST <tretjakov@alligaator.at.mt.ut.ee>
# name: trainerror
# type: scalar
0.3228


# name: testerror
# type: scalar
0.2925


