# Created by Octave 3.6.4, Thu Apr 23 19:10:10 2015 EEST <tretjakov@alligaator.at.mt.ut.ee>
# name: trainerror
# type: scalar
0.338


# name: testerror
# type: scalar
0.2875


