# Created by Octave 3.6.4, Fri Apr 24 02:42:10 2015 EEST <tretjakov@alligaator.at.mt.ut.ee>
# name: trainerror
# type: scalar
0.7423999999999999


# name: testerror
# type: scalar
0.675


