# Created by Octave 3.6.4, Fri Apr 24 03:00:19 2015 EEST <tretjakov@alligaator.at.mt.ut.ee>
# name: trainerror
# type: scalar
0.694


# name: testerror
# type: scalar
0.6225000000000001


