# Created by Octave 3.6.4, Fri Apr 24 02:57:46 2015 EEST <tretjakov@alligaator.at.mt.ut.ee>
# name: trainerror
# type: scalar
0.9058


# name: testerror
# type: scalar
0.7925


