# Created by Octave 3.6.4, Thu Apr 23 23:17:41 2015 EEST <tretjakov@alligaator.at.mt.ut.ee>
# name: trainerror
# type: scalar
0.4388


# name: testerror
# type: scalar
0.43


