# Created by Octave 3.6.4, Thu Apr 23 23:46:55 2015 EEST <tretjakov@alligaator.at.mt.ut.ee>
# name: trainerror
# type: scalar
0.8862


# name: testerror
# type: scalar
0.7875


