# Created by Octave 3.6.4, Thu Apr 23 23:40:42 2015 EEST <tretjakov@alligaator.at.mt.ut.ee>
# name: trainerror
# type: scalar
0.8476


# name: testerror
# type: scalar
0.74


