# Created by Octave 3.6.4, Fri Apr 24 00:12:54 2015 EEST <tretjakov@alligaator.at.mt.ut.ee>
# name: trainerror
# type: scalar
0.9016


# name: testerror
# type: scalar
0.825


