# Created by Octave 3.6.4, Fri Apr 24 01:29:46 2015 EEST <tretjakov@alligaator.at.mt.ut.ee>
# name: trainerror
# type: scalar
0.5786


# name: testerror
# type: scalar
0.5425


