# Created by Octave 3.6.4, Thu Apr 23 20:35:10 2015 EEST <tretjakov@alligaator.at.mt.ut.ee>
# name: trainerror
# type: scalar
0.5242


# name: testerror
# type: scalar
0.465


