# Created by Octave 3.6.4, Fri Apr 24 00:09:48 2015 EEST <tretjakov@alligaator.at.mt.ut.ee>
# name: trainerror
# type: scalar
0.452


# name: testerror
# type: scalar
0.4225


