# Created by Octave 3.6.4, Thu Apr 23 18:34:32 2015 EEST <tretjakov@alligaator.at.mt.ut.ee>
# name: trainerror
# type: scalar
0.2276


# name: testerror
# type: scalar
0.2475


