# Created by Octave 3.6.4, Thu Apr 23 23:07:25 2015 EEST <tretjakov@alligaator.at.mt.ut.ee>
# name: trainerror
# type: scalar
0.6794


# name: testerror
# type: scalar
0.64


