# Created by Octave 3.6.4, Fri Apr 24 01:59:50 2015 EEST <tretjakov@alligaator.at.mt.ut.ee>
# name: trainerror
# type: scalar
0.366


# name: testerror
# type: scalar
0.3375


