# Created by Octave 3.6.4, Fri Apr 24 01:58:18 2015 EEST <tretjakov@alligaator.at.mt.ut.ee>
# name: trainerror
# type: scalar
0.4132


# name: testerror
# type: scalar
0.345


