# Created by Octave 3.6.4, Thu Apr 23 18:33:23 2015 EEST <tretjakov@alligaator.at.mt.ut.ee>
# name: trainerror
# type: scalar
0.2266


# name: testerror
# type: scalar
0.2425


