# Created by Octave 3.6.4, Fri Apr 24 04:54:53 2015 EEST <tretjakov@alligaator.at.mt.ut.ee>
# name: trainerror
# type: scalar
0.8506


# name: testerror
# type: scalar
0.7375


