# Created by Octave 3.6.4, Fri Apr 24 01:31:14 2015 EEST <tretjakov@alligaator.at.mt.ut.ee>
# name: trainerror
# type: scalar
0.833


# name: testerror
# type: scalar
0.755


