# Created by Octave 3.6.4, Fri Apr 24 00:22:06 2015 EEST <tretjakov@alligaator.at.mt.ut.ee>
# name: trainerror
# type: scalar
0.9024


# name: testerror
# type: scalar
0.7925


