# Created by Octave 3.6.4, Thu Apr 23 19:32:05 2015 EEST <tretjakov@alligaator.at.mt.ut.ee>
# name: trainerror
# type: scalar
0.265


# name: testerror
# type: scalar
0.2475


