# Created by Octave 3.6.4, Fri Apr 24 02:05:57 2015 EEST <tretjakov@alligaator.at.mt.ut.ee>
# name: trainerror
# type: scalar
0.1126


# name: testerror
# type: scalar
0.1425


