# Created by Octave 3.6.4, Thu Apr 23 20:40:33 2015 EEST <tretjakov@alligaator.at.mt.ut.ee>
# name: trainerror
# type: scalar
0.4452


# name: testerror
# type: scalar
0.3875


