# Created by Octave 3.6.4, Fri Apr 24 05:36:33 2015 EEST <tretjakov@alligaator.at.mt.ut.ee>
# name: trainerror
# type: scalar
0.9322


# name: testerror
# type: scalar
0.835


