# Created by Octave 3.6.4, Thu Apr 23 22:12:53 2015 EEST <tretjakov@alligaator.at.mt.ut.ee>
# name: trainerror
# type: scalar
0.789


# name: testerror
# type: scalar
0.7075


