# Created by Octave 3.6.4, Fri Apr 24 04:32:13 2015 EEST <tretjakov@alligaator.at.mt.ut.ee>
# name: trainerror
# type: scalar
0.5494


# name: testerror
# type: scalar
0.5325


