# Created by Octave 3.6.4, Thu Apr 23 20:02:23 2015 EEST <tretjakov@alligaator.at.mt.ut.ee>
# name: trainerror
# type: scalar
0.5185999999999999


# name: testerror
# type: scalar
0.46


