# Created by Octave 3.6.4, Thu Apr 23 18:35:30 2015 EEST <tretjakov@alligaator.at.mt.ut.ee>
# name: trainerror
# type: scalar
0.2638


# name: testerror
# type: scalar
0.2575


