# Created by Octave 3.6.4, Fri Apr 24 02:22:51 2015 EEST <tretjakov@alligaator.at.mt.ut.ee>
# name: trainerror
# type: scalar
0.8342000000000001


# name: testerror
# type: scalar
0.725


