# Created by Octave 3.6.4, Fri Apr 24 00:14:42 2015 EEST <tretjakov@alligaator.at.mt.ut.ee>
# name: trainerror
# type: scalar
0.7756


# name: testerror
# type: scalar
0.6925


