# Created by Octave 3.6.4, Thu Apr 23 22:08:03 2015 EEST <tretjakov@alligaator.at.mt.ut.ee>
# name: trainerror
# type: scalar
0.653


# name: testerror
# type: scalar
0.6025


