# Created by Octave 3.6.4, Fri Apr 24 04:40:06 2015 EEST <tretjakov@alligaator.at.mt.ut.ee>
# name: trainerror
# type: scalar
0.8875999999999999


# name: testerror
# type: scalar
0.7925


