# Created by Octave 3.6.4, Fri Apr 24 01:55:36 2015 EEST <tretjakov@alligaator.at.mt.ut.ee>
# name: trainerror
# type: scalar
0.8472


# name: testerror
# type: scalar
0.7675


