# Created by Octave 3.6.4, Fri Apr 24 00:26:12 2015 EEST <tretjakov@alligaator.at.mt.ut.ee>
# name: trainerror
# type: scalar
0.6878


# name: testerror
# type: scalar
0.6225000000000001


