# Created by Octave 3.6.4, Thu Apr 23 23:19:09 2015 EEST <tretjakov@alligaator.at.mt.ut.ee>
# name: trainerror
# type: scalar
0.727


# name: testerror
# type: scalar
0.615


