# Created by Octave 3.6.4, Fri Apr 24 01:57:15 2015 EEST <tretjakov@alligaator.at.mt.ut.ee>
# name: trainerror
# type: scalar
0.9122


# name: testerror
# type: scalar
0.8075


