# Created by Octave 3.6.4, Fri Apr 24 01:05:16 2015 EEST <tretjakov@alligaator.at.mt.ut.ee>
# name: trainerror
# type: scalar
0.849


# name: testerror
# type: scalar
0.715


