# Created by Octave 3.6.4, Fri Apr 24 04:09:21 2015 EEST <tretjakov@alligaator.at.mt.ut.ee>
# name: trainerror
# type: scalar
0.8925999999999999


# name: testerror
# type: scalar
0.7925


