# Created by Octave 3.6.4, Fri Apr 24 05:32:02 2015 EEST <tretjakov@alligaator.at.mt.ut.ee>
# name: trainerror
# type: scalar
0.8518


# name: testerror
# type: scalar
0.7825


