# Created by Octave 3.6.4, Thu Apr 23 23:56:02 2015 EEST <tretjakov@alligaator.at.mt.ut.ee>
# name: trainerror
# type: scalar
0.51


# name: testerror
# type: scalar
0.475


