# Created by Octave 3.6.4, Thu Apr 23 23:57:10 2015 EEST <tretjakov@alligaator.at.mt.ut.ee>
# name: trainerror
# type: scalar
0.882


# name: testerror
# type: scalar
0.7925


