# Created by Octave 3.6.4, Thu Apr 23 20:21:11 2015 EEST <tretjakov@alligaator.at.mt.ut.ee>
# name: trainerror
# type: scalar
0.4264


# name: testerror
# type: scalar
0.4225


