# Created by Octave 3.6.4, Fri Apr 24 00:26:56 2015 EEST <tretjakov@alligaator.at.mt.ut.ee>
# name: trainerror
# type: scalar
0.7258


# name: testerror
# type: scalar
0.65


