# Created by Octave 3.6.4, Fri Apr 24 01:23:10 2015 EEST <tretjakov@alligaator.at.mt.ut.ee>
# name: trainerror
# type: scalar
0.549


# name: testerror
# type: scalar
0.5024999999999999


