# Created by Octave 3.6.4, Thu Apr 23 21:56:12 2015 EEST <tretjakov@alligaator.at.mt.ut.ee>
# name: trainerror
# type: scalar
0.3974


# name: testerror
# type: scalar
0.42


