# Created by Octave 3.6.4, Fri Apr 24 02:29:55 2015 EEST <tretjakov@alligaator.at.mt.ut.ee>
# name: trainerror
# type: scalar
0.9162


# name: testerror
# type: scalar
0.8225


