# Created by Octave 3.6.4, Fri Apr 24 01:07:10 2015 EEST <tretjakov@alligaator.at.mt.ut.ee>
# name: trainerror
# type: scalar
0.88


# name: testerror
# type: scalar
0.7975


