# Created by Octave 3.6.4, Thu Apr 23 21:48:07 2015 EEST <tretjakov@alligaator.at.mt.ut.ee>
# name: trainerror
# type: scalar
0.3188


# name: testerror
# type: scalar
0.3075


