# Created by Octave 3.6.4, Thu Apr 23 23:02:31 2015 EEST <tretjakov@alligaator.at.mt.ut.ee>
# name: trainerror
# type: scalar
0.5192


# name: testerror
# type: scalar
0.4725


