# Created by Octave 3.6.4, Thu Apr 23 19:33:09 2015 EEST <tretjakov@alligaator.at.mt.ut.ee>
# name: trainerror
# type: scalar
0.3518


# name: testerror
# type: scalar
0.32


