# Created by Octave 3.6.4, Thu Apr 23 21:12:23 2015 EEST <tretjakov@alligaator.at.mt.ut.ee>
# name: trainerror
# type: scalar
0.4244


# name: testerror
# type: scalar
0.4125


