# Created by Octave 3.6.4, Thu Apr 23 20:36:43 2015 EEST <tretjakov@alligaator.at.mt.ut.ee>
# name: trainerror
# type: scalar
0.3038


# name: testerror
# type: scalar
0.2925


