# Created by Octave 3.6.4, Thu Apr 23 21:27:19 2015 EEST <tretjakov@alligaator.at.mt.ut.ee>
# name: trainerror
# type: scalar
0.3202


# name: testerror
# type: scalar
0.3375


