# Created by Octave 3.6.4, Thu Apr 23 19:50:31 2015 EEST <tretjakov@alligaator.at.mt.ut.ee>
# name: trainerror
# type: scalar
0.5864


# name: testerror
# type: scalar
0.55


