# Created by Octave 3.6.4, Thu Apr 23 19:50:45 2015 EEST <tretjakov@alligaator.at.mt.ut.ee>
# name: trainerror
# type: scalar
0.3204


# name: testerror
# type: scalar
0.315


