# Created by Octave 3.6.4, Fri Apr 24 00:05:04 2015 EEST <tretjakov@alligaator.at.mt.ut.ee>
# name: trainerror
# type: scalar
0.6194


# name: testerror
# type: scalar
0.5575


