# Created by Octave 3.6.4, Fri Apr 24 02:35:51 2015 EEST <tretjakov@alligaator.at.mt.ut.ee>
# name: trainerror
# type: scalar
0.4434


# name: testerror
# type: scalar
0.4225


