# Created by Octave 3.6.4, Thu Apr 23 23:16:21 2015 EEST <tretjakov@alligaator.at.mt.ut.ee>
# name: trainerror
# type: scalar
0.6958


# name: testerror
# type: scalar
0.6425


