# Created by Octave 3.6.4, Thu Apr 23 22:36:09 2015 EEST <tretjakov@alligaator.at.mt.ut.ee>
# name: trainerror
# type: scalar
0.64


# name: testerror
# type: scalar
0.6125


