# Created by Octave 3.6.4, Fri Apr 24 05:11:51 2015 EEST <tretjakov@alligaator.at.mt.ut.ee>
# name: trainerror
# type: scalar
0.8552


# name: testerror
# type: scalar
0.7475000000000001


