# Created by Octave 3.6.4, Fri Apr 24 03:04:00 2015 EEST <tretjakov@alligaator.at.mt.ut.ee>
# name: trainerror
# type: scalar
0.6672


# name: testerror
# type: scalar
0.6274999999999999


