# Created by Octave 3.6.4, Fri Apr 24 00:38:32 2015 EEST <tretjakov@alligaator.at.mt.ut.ee>
# name: trainerror
# type: scalar
0.4786


# name: testerror
# type: scalar
0.435


