# Created by Octave 3.6.4, Fri Apr 24 05:23:40 2015 EEST <tretjakov@alligaator.at.mt.ut.ee>
# name: trainerror
# type: scalar
0.9316


# name: testerror
# type: scalar
0.8175


