# Created by Octave 3.6.4, Fri Apr 24 05:05:13 2015 EEST <tretjakov@alligaator.at.mt.ut.ee>
# name: trainerror
# type: scalar
0.7112000000000001


# name: testerror
# type: scalar
0.635


