# Created by Octave 3.6.4, Fri Apr 24 03:59:08 2015 EEST <tretjakov@alligaator.at.mt.ut.ee>
# name: trainerror
# type: scalar
0.8782


# name: testerror
# type: scalar
0.7975


