# Created by Octave 3.6.4, Fri Apr 24 03:59:21 2015 EEST <tretjakov@alligaator.at.mt.ut.ee>
# name: trainerror
# type: scalar
0.617


# name: testerror
# type: scalar
0.59


