# Created by Octave 3.6.4, Fri Apr 24 05:32:20 2015 EEST <tretjakov@alligaator.at.mt.ut.ee>
# name: trainerror
# type: scalar
0.7794


# name: testerror
# type: scalar
0.7175


