# Created by Octave 3.6.4, Fri Apr 24 04:56:42 2015 EEST <tretjakov@alligaator.at.mt.ut.ee>
# name: trainerror
# type: scalar
0.946


# name: testerror
# type: scalar
0.84


