# Created by Octave 3.6.4, Thu Apr 23 22:01:34 2015 EEST <tretjakov@alligaator.at.mt.ut.ee>
# name: trainerror
# type: scalar
0.4292


# name: testerror
# type: scalar
0.4175


