# Created by Octave 3.6.4, Fri Apr 24 05:47:49 2015 EEST <tretjakov@alligaator.at.mt.ut.ee>
# name: trainerror
# type: scalar
0.9544


# name: testerror
# type: scalar
0.86


