# Created by Octave 3.6.4, Thu Apr 23 21:28:02 2015 EEST <tretjakov@alligaator.at.mt.ut.ee>
# name: trainerror
# type: scalar
0.421


# name: testerror
# type: scalar
0.4


