# Created by Octave 3.6.4, Fri Apr 24 02:48:14 2015 EEST <tretjakov@alligaator.at.mt.ut.ee>
# name: trainerror
# type: scalar
0.653


# name: testerror
# type: scalar
0.5875


