# Created by Octave 3.6.4, Fri Apr 24 00:35:52 2015 EEST <tretjakov@alligaator.at.mt.ut.ee>
# name: trainerror
# type: scalar
0.8381999999999999


# name: testerror
# type: scalar
0.745


