# Created by Octave 3.6.4, Thu Apr 23 23:10:51 2015 EEST <tretjakov@alligaator.at.mt.ut.ee>
# name: trainerror
# type: scalar
0.704


# name: testerror
# type: scalar
0.615


