# Created by Octave 3.6.4, Fri Apr 24 05:45:45 2015 EEST <tretjakov@alligaator.at.mt.ut.ee>
# name: trainerror
# type: scalar
0.9486


# name: testerror
# type: scalar
0.85


