# Created by Octave 3.6.4, Thu Apr 23 20:38:40 2015 EEST <tretjakov@alligaator.at.mt.ut.ee>
# name: trainerror
# type: scalar
0.3172


# name: testerror
# type: scalar
0.305


