# Created by Octave 3.6.4, Fri Apr 24 03:45:13 2015 EEST <tretjakov@alligaator.at.mt.ut.ee>
# name: trainerror
# type: scalar
0.5942


# name: testerror
# type: scalar
0.53


