# Created by Octave 3.6.4, Fri Apr 24 02:47:11 2015 EEST <tretjakov@alligaator.at.mt.ut.ee>
# name: trainerror
# type: scalar
0.6306


# name: testerror
# type: scalar
0.5600000000000001


