# Created by Octave 3.6.4, Thu Apr 23 18:56:44 2015 EEST <tretjakov@alligaator.at.mt.ut.ee>
# name: trainerror
# type: scalar
0.321


# name: testerror
# type: scalar
0.2775


