# Created by Octave 3.6.4, Thu Apr 23 23:54:12 2015 EEST <tretjakov@alligaator.at.mt.ut.ee>
# name: trainerror
# type: scalar
0.8912


# name: testerror
# type: scalar
0.8


