# Created by Octave 3.6.4, Fri Apr 24 04:22:12 2015 EEST <tretjakov@alligaator.at.mt.ut.ee>
# name: trainerror
# type: scalar
0.4198


# name: testerror
# type: scalar
0.4625


