# Created by Octave 3.6.4, Fri Apr 24 01:51:12 2015 EEST <tretjakov@alligaator.at.mt.ut.ee>
# name: trainerror
# type: scalar
0.525


# name: testerror
# type: scalar
0.4825


