# Created by Octave 3.6.4, Thu Apr 23 22:12:12 2015 EEST <tretjakov@alligaator.at.mt.ut.ee>
# name: trainerror
# type: scalar
0.4136


# name: testerror
# type: scalar
0.4275


