# Created by Octave 3.6.4, Thu Apr 23 21:46:33 2015 EEST <tretjakov@alligaator.at.mt.ut.ee>
# name: trainerror
# type: scalar
0.4022


# name: testerror
# type: scalar
0.38


