# Created by Octave 3.6.4, Thu Apr 23 21:20:01 2015 EEST <tretjakov@alligaator.at.mt.ut.ee>
# name: trainerror
# type: scalar
0.5377999999999999


# name: testerror
# type: scalar
0.4975


