# Created by Octave 3.6.4, Thu Apr 23 23:27:02 2015 EEST <tretjakov@alligaator.at.mt.ut.ee>
# name: trainerror
# type: scalar
0.599


# name: testerror
# type: scalar
0.57


