# Created by Octave 3.6.4, Thu Apr 23 21:39:34 2015 EEST <tretjakov@alligaator.at.mt.ut.ee>
# name: trainerror
# type: scalar
0.4164


# name: testerror
# type: scalar
0.3725


