# Created by Octave 3.6.4, Thu Apr 23 22:12:48 2015 EEST <tretjakov@alligaator.at.mt.ut.ee>
# name: trainerror
# type: scalar
0.5590000000000001


# name: testerror
# type: scalar
0.5225


