# Created by Octave 3.6.4, Fri Apr 24 05:19:44 2015 EEST <tretjakov@alligaator.at.mt.ut.ee>
# name: trainerror
# type: scalar
0.426


# name: testerror
# type: scalar
0.425


