# Created by Octave 3.6.4, Thu Apr 23 18:32:49 2015 EEST <tretjakov@alligaator.at.mt.ut.ee>
# name: trainerror
# type: scalar
0.2302


# name: testerror
# type: scalar
0.2375


