# Created by Octave 3.6.4, Thu Apr 23 20:54:34 2015 EEST <tretjakov@alligaator.at.mt.ut.ee>
# name: trainerror
# type: scalar
0.5542


# name: testerror
# type: scalar
0.54


