# Created by Octave 3.6.4, Thu Apr 23 23:37:40 2015 EEST <tretjakov@alligaator.at.mt.ut.ee>
# name: trainerror
# type: scalar
0.6596


# name: testerror
# type: scalar
0.6225000000000001


