# Created by Octave 3.6.4, Fri Apr 24 04:39:44 2015 EEST <tretjakov@alligaator.at.mt.ut.ee>
# name: trainerror
# type: scalar
0.9370000000000001


# name: testerror
# type: scalar
0.8525


