# Created by Octave 3.6.4, Fri Apr 24 04:10:21 2015 EEST <tretjakov@alligaator.at.mt.ut.ee>
# name: trainerror
# type: scalar
0.9438


# name: testerror
# type: scalar
0.825


