# Created by Octave 3.6.4, Fri Apr 24 03:46:30 2015 EEST <tretjakov@alligaator.at.mt.ut.ee>
# name: trainerror
# type: scalar
0.68


# name: testerror
# type: scalar
0.595


