# Created by Octave 3.6.4, Thu Apr 23 22:03:12 2015 EEST <tretjakov@alligaator.at.mt.ut.ee>
# name: trainerror
# type: scalar
0.5692


# name: testerror
# type: scalar
0.51


