# Created by Octave 3.6.4, Fri Apr 24 04:12:45 2015 EEST <tretjakov@alligaator.at.mt.ut.ee>
# name: trainerror
# type: scalar
0.8552


# name: testerror
# type: scalar
0.79


