# Created by Octave 3.6.4, Fri Apr 24 03:07:03 2015 EEST <tretjakov@alligaator.at.mt.ut.ee>
# name: trainerror
# type: scalar
0.8102


# name: testerror
# type: scalar
0.735


