# Created by Octave 3.6.4, Fri Apr 24 05:35:27 2015 EEST <tretjakov@alligaator.at.mt.ut.ee>
# name: trainerror
# type: scalar
0.7596000000000001


# name: testerror
# type: scalar
0.6675


