# Created by Octave 3.6.4, Fri Apr 24 01:14:20 2015 EEST <tretjakov@alligaator.at.mt.ut.ee>
# name: trainerror
# type: scalar
0.8334


# name: testerror
# type: scalar
0.735


