# Created by Octave 3.6.4, Fri Apr 24 02:32:28 2015 EEST <tretjakov@alligaator.at.mt.ut.ee>
# name: trainerror
# type: scalar
0.5308


# name: testerror
# type: scalar
0.4975


