# Created by Octave 3.6.4, Thu Apr 23 21:31:08 2015 EEST <tretjakov@alligaator.at.mt.ut.ee>
# name: trainerror
# type: scalar
0.7056


# name: testerror
# type: scalar
0.6375


