# Created by Octave 3.6.4, Thu Apr 23 22:32:39 2015 EEST <tretjakov@alligaator.at.mt.ut.ee>
# name: trainerror
# type: scalar
0.4888


# name: testerror
# type: scalar
0.47


