# Created by Octave 3.6.4, Fri Apr 24 01:18:22 2015 EEST <tretjakov@alligaator.at.mt.ut.ee>
# name: trainerror
# type: scalar
0.476


# name: testerror
# type: scalar
0.4625


