# Created by Octave 3.6.4, Thu Apr 23 23:25:58 2015 EEST <tretjakov@alligaator.at.mt.ut.ee>
# name: trainerror
# type: scalar
0.552


# name: testerror
# type: scalar
0.4975


