# Created by Octave 3.6.4, Thu Apr 23 20:11:41 2015 EEST <tretjakov@alligaator.at.mt.ut.ee>
# name: trainerror
# type: scalar
0.5026


# name: testerror
# type: scalar
0.46


