# Created by Octave 3.6.4, Fri Apr 24 01:41:09 2015 EEST <tretjakov@alligaator.at.mt.ut.ee>
# name: trainerror
# type: scalar
0.8842


# name: testerror
# type: scalar
0.7825


