# Created by Octave 3.6.4, Fri Apr 24 03:55:17 2015 EEST <tretjakov@alligaator.at.mt.ut.ee>
# name: trainerror
# type: scalar
0.3882


# name: testerror
# type: scalar
0.3825


