# Created by Octave 3.6.4, Fri Apr 24 01:55:56 2015 EEST <tretjakov@alligaator.at.mt.ut.ee>
# name: trainerror
# type: scalar
0.7706


# name: testerror
# type: scalar
0.68


