# Created by Octave 3.6.4, Thu Apr 23 22:57:59 2015 EEST <tretjakov@alligaator.at.mt.ut.ee>
# name: trainerror
# type: scalar
0.4558


# name: testerror
# type: scalar
0.45


