# Created by Octave 3.6.4, Thu Apr 23 22:59:05 2015 EEST <tretjakov@alligaator.at.mt.ut.ee>
# name: trainerror
# type: scalar
0.343


# name: testerror
# type: scalar
0.3475


