# Created by Octave 3.6.4, Thu Apr 23 22:49:51 2015 EEST <tretjakov@alligaator.at.mt.ut.ee>
# name: trainerror
# type: scalar
0.7044


# name: testerror
# type: scalar
0.6325


