# Created by Octave 3.6.4, Thu Apr 23 19:40:42 2015 EEST <tretjakov@alligaator.at.mt.ut.ee>
# name: trainerror
# type: scalar
0.448


# name: testerror
# type: scalar
0.445


