# Created by Octave 3.6.4, Thu Apr 23 23:20:30 2015 EEST <tretjakov@alligaator.at.mt.ut.ee>
# name: trainerror
# type: scalar
0.609


# name: testerror
# type: scalar
0.5725


