# Created by Octave 3.6.4, Thu Apr 23 21:39:24 2015 EEST <tretjakov@alligaator.at.mt.ut.ee>
# name: trainerror
# type: scalar
0.4772


# name: testerror
# type: scalar
0.46


