# Created by Octave 3.6.4, Thu Apr 23 23:30:14 2015 EEST <tretjakov@alligaator.at.mt.ut.ee>
# name: trainerror
# type: scalar
0.8162


# name: testerror
# type: scalar
0.7075


