# Created by Octave 3.6.4, Thu Apr 23 23:58:17 2015 EEST <tretjakov@alligaator.at.mt.ut.ee>
# name: trainerror
# type: scalar
0.4408


# name: testerror
# type: scalar
0.3575


