# Created by Octave 3.6.4, Fri Apr 24 03:48:31 2015 EEST <tretjakov@alligaator.at.mt.ut.ee>
# name: trainerror
# type: scalar
0.7452


# name: testerror
# type: scalar
0.6625


