# Created by Octave 3.6.4, Fri Apr 24 00:38:12 2015 EEST <tretjakov@alligaator.at.mt.ut.ee>
# name: trainerror
# type: scalar
0.8748


# name: testerror
# type: scalar
0.76


