# Created by Octave 3.6.4, Fri Apr 24 03:26:50 2015 EEST <tretjakov@alligaator.at.mt.ut.ee>
# name: trainerror
# type: scalar
0.8169999999999999


# name: testerror
# type: scalar
0.745


