# Created by Octave 3.6.4, Thu Apr 23 22:44:30 2015 EEST <tretjakov@alligaator.at.mt.ut.ee>
# name: trainerror
# type: scalar
0.6438


# name: testerror
# type: scalar
0.5725


