# Created by Octave 3.6.4, Thu Apr 23 22:21:50 2015 EEST <tretjakov@alligaator.at.mt.ut.ee>
# name: trainerror
# type: scalar
0.5404


# name: testerror
# type: scalar
0.4825


