# Created by Octave 3.6.4, Fri Apr 24 03:04:22 2015 EEST <tretjakov@alligaator.at.mt.ut.ee>
# name: trainerror
# type: scalar
0.2446


# name: testerror
# type: scalar
0.2575


