# Created by Octave 3.6.4, Fri Apr 24 05:09:13 2015 EEST <tretjakov@alligaator.at.mt.ut.ee>
# name: trainerror
# type: scalar
0.6826


# name: testerror
# type: scalar
0.6525


