# Created by Octave 3.6.4, Fri Apr 24 03:39:22 2015 EEST <tretjakov@alligaator.at.mt.ut.ee>
# name: trainerror
# type: scalar
0.3174


# name: testerror
# type: scalar
0.3225


