# Created by Octave 3.6.4, Fri Apr 24 05:41:45 2015 EEST <tretjakov@alligaator.at.mt.ut.ee>
# name: trainerror
# type: scalar
0.8646


# name: testerror
# type: scalar
0.7875


