# Created by Octave 3.6.4, Fri Apr 24 03:55:33 2015 EEST <tretjakov@alligaator.at.mt.ut.ee>
# name: trainerror
# type: scalar
0.526


# name: testerror
# type: scalar
0.51


