# Created by Octave 3.6.4, Fri Apr 24 04:29:04 2015 EEST <tretjakov@alligaator.at.mt.ut.ee>
# name: trainerror
# type: scalar
0.921


# name: testerror
# type: scalar
0.835


