# Created by Octave 3.6.4, Fri Apr 24 04:31:28 2015 EEST <tretjakov@alligaator.at.mt.ut.ee>
# name: trainerror
# type: scalar
0.8334


# name: testerror
# type: scalar
0.7475000000000001


