# Created by Octave 3.6.4, Fri Apr 24 02:18:18 2015 EEST <tretjakov@alligaator.at.mt.ut.ee>
# name: trainerror
# type: scalar
0.6598000000000001


# name: testerror
# type: scalar
0.6175


