# Created by Octave 3.6.4, Thu Apr 23 18:56:50 2015 EEST <tretjakov@alligaator.at.mt.ut.ee>
# name: trainerror
# type: scalar
0.3304


# name: testerror
# type: scalar
0.3075


