# Created by Octave 3.6.4, Fri Apr 24 05:31:34 2015 EEST <tretjakov@alligaator.at.mt.ut.ee>
# name: trainerror
# type: scalar
0.8022


# name: testerror
# type: scalar
0.73


