# Created by Octave 3.6.4, Thu Apr 23 23:09:49 2015 EEST <tretjakov@alligaator.at.mt.ut.ee>
# name: trainerror
# type: scalar
0.59


# name: testerror
# type: scalar
0.5649999999999999


