# Created by Octave 3.6.4, Fri Apr 24 02:40:07 2015 EEST <tretjakov@alligaator.at.mt.ut.ee>
# name: trainerror
# type: scalar
0.501


# name: testerror
# type: scalar
0.4825


