# Created by Octave 3.6.4, Fri Apr 24 01:32:32 2015 EEST <tretjakov@alligaator.at.mt.ut.ee>
# name: trainerror
# type: scalar
0.853


# name: testerror
# type: scalar
0.7575


