# Created by Octave 3.6.4, Fri Apr 24 05:33:21 2015 EEST <tretjakov@alligaator.at.mt.ut.ee>
# name: trainerror
# type: scalar
0.713


# name: testerror
# type: scalar
0.655


