# Created by Octave 3.6.4, Fri Apr 24 02:40:21 2015 EEST <tretjakov@alligaator.at.mt.ut.ee>
# name: trainerror
# type: scalar
0.5052


# name: testerror
# type: scalar
0.4375


