# Created by Octave 3.6.4, Fri Apr 24 03:27:49 2015 EEST <tretjakov@alligaator.at.mt.ut.ee>
# name: trainerror
# type: scalar
0.4192


# name: testerror
# type: scalar
0.385


