# Created by Octave 3.6.4, Thu Apr 23 19:45:04 2015 EEST <tretjakov@alligaator.at.mt.ut.ee>
# name: trainerror
# type: scalar
0.3884


# name: testerror
# type: scalar
0.3825


