# Created by Octave 3.6.4, Thu Apr 23 20:01:08 2015 EEST <tretjakov@alligaator.at.mt.ut.ee>
# name: trainerror
# type: scalar
0.4566


# name: testerror
# type: scalar
0.4


