# Created by Octave 3.6.4, Thu Apr 23 23:15:15 2015 EEST <tretjakov@alligaator.at.mt.ut.ee>
# name: trainerror
# type: scalar
0.5891999999999999


# name: testerror
# type: scalar
0.5575


