# Created by Octave 3.6.4, Thu Apr 23 19:15:55 2015 EEST <tretjakov@alligaator.at.mt.ut.ee>
# name: trainerror
# type: scalar
0.2846


# name: testerror
# type: scalar
0.3325


