# Created by Octave 3.6.4, Thu Apr 23 23:29:17 2015 EEST <tretjakov@alligaator.at.mt.ut.ee>
# name: trainerror
# type: scalar
0.7308


# name: testerror
# type: scalar
0.65


