# Created by Octave 3.8.1, Wed Apr 22 20:46:14 2015 EEST <joonatan@HomerSimpson>
# name: trainerror
# type: scalar
0.6838


# name: testerror
# type: scalar
0.535


