# Created by Octave 3.6.4, Fri Apr 10 21:29:51 2015 EEST <kt@stage53>
# name: trainerror
# type: scalar
0.946


# name: testerror
# type: scalar
0.875


