# Created by Octave 3.6.4, Fri Apr 10 22:04:54 2015 EEST <kt@stage50>
# name: trainerror
# type: scalar
0.9814000000000001


# name: testerror
# type: scalar
0.84


