# Created by Octave 3.6.4, Fri Apr 10 21:35:21 2015 EEST <kt@stage57>
# name: trainerror
# type: scalar
0.9872


# name: testerror
# type: scalar
0.8774999999999999


