# Created by Octave 3.6.4, Fri Apr 10 21:39:52 2015 EEST <kt@stage57>
# name: trainerror
# type: scalar
0.9856


# name: testerror
# type: scalar
0.87


