# Created by Octave 3.6.4, Fri Apr 10 21:53:16 2015 EEST <kt@stage102>
# name: trainerror
# type: scalar
0.9728


# name: testerror
# type: scalar
0.8275


