# Created by Octave 3.6.4, Fri Apr 10 21:45:59 2015 EEST <kt@stage57>
# name: trainerror
# type: scalar
0.9350000000000001


# name: testerror
# type: scalar
0.7475000000000001


