# Created by Octave 3.6.4, Fri Apr 10 21:26:19 2015 EEST <kt@stage97>
# name: trainerror
# type: scalar
0.665


# name: testerror
# type: scalar
0.6175


