# Created by Octave 3.6.4, Fri Apr 10 21:51:51 2015 EEST <kt@stage41>
# name: trainerror
# type: scalar
0.627


# name: testerror
# type: scalar
0.535


