# Created by Octave 3.6.4, Fri Apr 10 21:17:21 2015 EEST <kt@stage46>
# name: trainerror
# type: scalar
0.2332


# name: testerror
# type: scalar
0.2725


