# Created by Octave 3.6.4, Fri Apr 10 22:12:52 2015 EEST <kt@stage102>
# name: trainerror
# type: scalar
0.9808


# name: testerror
# type: scalar
0.8149999999999999


