# Created by Octave 3.6.4, Fri Apr 10 22:00:43 2015 EEST <kt@stage54>
# name: trainerror
# type: scalar
0.7226


# name: testerror
# type: scalar
0.5975


