# Created by Octave 3.6.4, Fri Apr 10 21:30:09 2015 EEST <kt@stage99>
# name: trainerror
# type: scalar
0.4196


# name: testerror
# type: scalar
0.3875


