# Created by Octave 3.6.4, Fri Apr 10 22:49:23 2015 EEST <kt@stage97>
# name: trainerror
# type: scalar
0.8548


# name: testerror
# type: scalar
0.67


