# Created by Octave 3.6.4, Fri Apr 10 21:30:34 2015 EEST <kt@stage53>
# name: trainerror
# type: scalar
0.9426


# name: testerror
# type: scalar
0.8774999999999999


