# Created by Octave 3.6.4, Fri Apr 10 21:49:19 2015 EEST <kt@stage101>
# name: trainerror
# type: scalar
0.9786


# name: testerror
# type: scalar
0.8


