# Created by Octave 3.6.4, Fri Apr 10 21:49:03 2015 EEST <kt@stage101>
# name: trainerror
# type: scalar
0.9584


# name: testerror
# type: scalar
0.805


