# Created by Octave 3.6.4, Fri Apr 10 21:26:16 2015 EEST <kt@stage58>
# name: trainerror
# type: scalar
0.9484


# name: testerror
# type: scalar
0.8725000000000001


