# Created by Octave 3.6.4, Fri Apr 10 21:47:44 2015 EEST <kt@stage52>
# name: trainerror
# type: scalar
0.976


# name: testerror
# type: scalar
0.805


