# Created by Octave 3.6.4, Fri Apr 10 21:34:32 2015 EEST <kt@stage56>
# name: trainerror
# type: scalar
0.9923999999999999


# name: testerror
# type: scalar
0.8774999999999999


