# Created by Octave 3.6.4, Fri Apr 10 22:37:46 2015 EEST <kt@stage99>
# name: trainerror
# type: scalar
0.8474


# name: testerror
# type: scalar
0.7524999999999999


