# Created by Octave 3.6.4, Fri Apr 10 21:54:43 2015 EEST <kt@stage96>
# name: trainerror
# type: scalar
0.7594


# name: testerror
# type: scalar
0.605


