# Created by Octave 3.6.4, Fri Apr 10 21:59:50 2015 EEST <kt@stage54>
# name: trainerror
# type: scalar
0.8826000000000001


# name: testerror
# type: scalar
0.7125


