# Created by Octave 3.6.4, Fri Apr 10 21:57:10 2015 EEST <kt@stage50>
# name: trainerror
# type: scalar
0.9432


# name: testerror
# type: scalar
0.78


