# Created by Octave 3.6.4, Fri Apr 10 21:58:19 2015 EEST <kt@stage97>
# name: trainerror
# type: scalar
0.9458


# name: testerror
# type: scalar
0.775


