# Created by Octave 3.6.4, Fri Apr 10 21:51:50 2015 EEST <kt@stage43>
# name: trainerror
# type: scalar
0.8372000000000001


# name: testerror
# type: scalar
0.67


