# Created by Octave 3.6.4, Fri Apr 10 22:00:25 2015 EEST <kt@stage58>
# name: trainerror
# type: scalar
0.9936


# name: testerror
# type: scalar
0.8525


