# Created by Octave 3.6.4, Fri Apr 10 21:38:04 2015 EEST <kt@stage99>
# name: trainerror
# type: scalar
0.9498


# name: testerror
# type: scalar
0.7275


