# Created by Octave 3.6.4, Fri Apr 10 21:38:24 2015 EEST <kt@stage46>
# name: trainerror
# type: scalar
0.3108


# name: testerror
# type: scalar
0.34


