# Created by Octave 3.6.4, Fri Apr 10 22:00:40 2015 EEST <kt@stage43>
# name: trainerror
# type: scalar
0.7403999999999999


# name: testerror
# type: scalar
0.6025


