# Created by Octave 3.6.4, Fri Apr 10 21:52:35 2015 EEST <kt@stage46>
# name: trainerror
# type: scalar
0.4784


# name: testerror
# type: scalar
0.4475


