# Created by Octave 3.6.4, Fri Apr 10 21:58:14 2015 EEST <kt@stage57>
# name: trainerror
# type: scalar
0.9794


# name: testerror
# type: scalar
0.8100000000000001


