# Created by Octave 3.6.4, Fri Apr 10 21:35:49 2015 EEST <kt@stage97>
# name: trainerror
# type: scalar
0.95


# name: testerror
# type: scalar
0.8149999999999999


