# Created by Octave 3.6.4, Fri Apr 10 21:21:04 2015 EEST <kt@stage42>
# name: trainerror
# type: scalar
0.3188


# name: testerror
# type: scalar
0.3175


