# Created by Octave 3.6.4, Fri Apr 10 21:51:15 2015 EEST <kt@stage43>
# name: trainerror
# type: scalar
0.8488


# name: testerror
# type: scalar
0.6675


