# Created by Octave 3.6.4, Fri Apr 10 22:06:33 2015 EEST <kt@stage53>
# name: trainerror
# type: scalar
0.9903999999999999


# name: testerror
# type: scalar
0.8625


