# Created by Octave 3.6.4, Fri Apr 10 21:25:16 2015 EEST <kt@stage52>
# name: trainerror
# type: scalar
0.9324


# name: testerror
# type: scalar
0.88


