# Created by Octave 3.6.4, Fri Apr 10 21:49:32 2015 EEST <kt@stage99>
# name: trainerror
# type: scalar
0.8302


# name: testerror
# type: scalar
0.6850000000000001


