# Created by Octave 3.6.4, Fri Apr 10 21:50:13 2015 EEST <kt@stage99>
# name: trainerror
# type: scalar
0.4078


# name: testerror
# type: scalar
0.3575


