# Created by Octave 3.6.4, Fri Apr 10 22:03:46 2015 EEST <kt@stage52>
# name: trainerror
# type: scalar
0.9714


# name: testerror
# type: scalar
0.85


