# Created by Octave 3.6.4, Fri Apr 10 21:30:16 2015 EEST <kt@stage103>
# name: trainerror
# type: scalar
0.9340000000000001


# name: testerror
# type: scalar
0.8625


