# Created by Octave 3.6.4, Fri Apr 10 21:11:11 2015 EEST <kt@stage52>
# name: trainerror
# type: scalar
0.1126


# name: testerror
# type: scalar
0.1425


