# Created by Octave 3.6.4, Fri Apr 10 21:58:57 2015 EEST <kt@stage96>
# name: trainerror
# type: scalar
0.9162


# name: testerror
# type: scalar
0.725


