# Created by Octave 3.6.4, Fri Apr 10 22:15:21 2015 EEST <kt@stage49>
# name: trainerror
# type: scalar
0.9742


# name: testerror
# type: scalar
0.77


