# Created by Octave 3.6.4, Fri Apr 10 21:53:34 2015 EEST <kt@stage50>
# name: trainerror
# type: scalar
0.9676


# name: testerror
# type: scalar
0.8025


