# Created by Octave 3.6.4, Fri Apr 10 21:27:12 2015 EEST <kt@stage46>
# name: trainerror
# type: scalar
0.3394


# name: testerror
# type: scalar
0.3475


