# Created by Octave 3.6.4, Fri Apr 10 21:36:31 2015 EEST <kt@stage43>
# name: trainerror
# type: scalar
0.8596


# name: testerror
# type: scalar
0.74


