# Created by Octave 3.6.4, Fri Apr 10 21:29:48 2015 EEST <kt@stage100>
# name: trainerror
# type: scalar
0.9072


# name: testerror
# type: scalar
0.835


