# Created by Octave 3.6.4, Fri Apr 10 21:48:27 2015 EEST <kt@stage100>
# name: trainerror
# type: scalar
0.967


# name: testerror
# type: scalar
0.785


