# Created by Octave 3.6.4, Fri Apr 10 21:26:26 2015 EEST <kt@stage40>
# name: trainerror
# type: scalar
0.5931999999999999


# name: testerror
# type: scalar
0.535


