# Created by Octave 3.6.4, Fri Apr 10 21:26:42 2015 EEST <kt@stage54>
# name: trainerror
# type: scalar
0.6904


# name: testerror
# type: scalar
0.655


