# Created by Octave 3.6.4, Fri Apr 10 21:26:16 2015 EEST <kt@stage57>
# name: trainerror
# type: scalar
0.9476


# name: testerror
# type: scalar
0.8875


