# Created by Octave 3.6.4, Fri Apr 10 21:29:59 2015 EEST <kt@stage47>
# name: trainerror
# type: scalar
0.364


# name: testerror
# type: scalar
0.36


