# Created by Octave 3.6.4, Fri Apr 10 21:42:48 2015 EEST <kt@stage55>
# name: trainerror
# type: scalar
0.9902


# name: testerror
# type: scalar
0.8575


