# Created by Octave 3.6.4, Fri Apr 10 22:18:48 2015 EEST <kt@stage99>
# name: trainerror
# type: scalar
0.8468


# name: testerror
# type: scalar
0.7175


