# Created by Octave 3.6.4, Fri Apr 10 21:24:50 2015 EEST <kt@stage51>
# name: trainerror
# type: scalar
0.9346


# name: testerror
# type: scalar
0.89


