# Created by Octave 3.6.4, Fri Apr 10 21:43:48 2015 EEST <kt@stage51>
# name: trainerror
# type: scalar
0.8612


# name: testerror
# type: scalar
0.705


