# Created by Octave 3.6.4, Fri Apr 10 22:09:22 2015 EEST <kt@stage54>
# name: trainerror
# type: scalar
0.9782


# name: testerror
# type: scalar
0.8225


