# Created by Octave 3.6.4, Fri Apr 10 21:41:38 2015 EEST <kt@stage53>
# name: trainerror
# type: scalar
0.994


# name: testerror
# type: scalar
0.8275


