# Created by Octave 3.6.4, Fri Apr 10 21:51:59 2015 EEST <kt@stage52>
# name: trainerror
# type: scalar
0.965


# name: testerror
# type: scalar
0.8175


