# Created by Octave 3.6.4, Fri Apr 10 22:10:34 2015 EEST <kt@stage41>
# name: trainerror
# type: scalar
0.6456


# name: testerror
# type: scalar
0.5975


