# Created by Octave 3.6.4, Fri Apr 10 22:29:27 2015 EEST <kt@stage42>
# name: trainerror
# type: scalar
0.7122000000000001


# name: testerror
# type: scalar
0.6075


