# Created by Octave 3.6.4, Fri Apr 10 22:00:16 2015 EEST <kt@stage53>
# name: trainerror
# type: scalar
0.974


# name: testerror
# type: scalar
0.8125


