# Created by Octave 3.6.4, Fri Apr 10 21:58:29 2015 EEST <kt@stage96>
# name: trainerror
# type: scalar
0.8364


# name: testerror
# type: scalar
0.67


