# Created by Octave 3.6.4, Fri Apr 10 22:26:00 2015 EEST <kt@stage98>
# name: trainerror
# type: scalar
0.9346


# name: testerror
# type: scalar
0.7825


