# Created by Octave 3.6.4, Fri Apr 10 21:33:00 2015 EEST <kt@stage101>
# name: trainerror
# type: scalar
0.3266


# name: testerror
# type: scalar
0.29


