# Created by Octave 3.6.4, Fri Apr 10 21:36:04 2015 EEST <kt@stage42>
# name: trainerror
# type: scalar
0.7148


# name: testerror
# type: scalar
0.59


