# Created by Octave 3.6.4, Fri Apr 10 21:26:24 2015 EEST <kt@stage100>
# name: trainerror
# type: scalar
0.9358


# name: testerror
# type: scalar
0.8575


