# Created by Octave 3.6.4, Fri Apr 10 21:53:47 2015 EEST <kt@stage55>
# name: trainerror
# type: scalar
0.9844000000000001


# name: testerror
# type: scalar
0.835


