# Created by Octave 3.6.4, Fri Apr 10 21:26:46 2015 EEST <kt@stage43>
# name: trainerror
# type: scalar
0.74


# name: testerror
# type: scalar
0.6525


