# Created by Octave 3.6.4, Fri Apr 10 21:11:40 2015 EEST <kt@stage42>
# name: trainerror
# type: scalar
0.1126


# name: testerror
# type: scalar
0.1425


