# Created by Octave 3.6.4, Fri Apr 10 22:19:10 2015 EEST <kt@stage99>
# name: trainerror
# type: scalar
0.9646


# name: testerror
# type: scalar
0.7325


