# Created by Octave 3.6.4, Fri Apr 10 22:13:29 2015 EEST <kt@stage99>
# name: trainerror
# type: scalar
0.8643999999999999


# name: testerror
# type: scalar
0.7025


