# Created by Octave 3.6.4, Fri Apr 10 21:34:42 2015 EEST <kt@stage98>
# name: trainerror
# type: scalar
0.8391999999999999


# name: testerror
# type: scalar
0.745


