# Created by Octave 3.6.4, Fri Apr 10 22:16:32 2015 EEST <kt@stage100>
# name: trainerror
# type: scalar
0.9576


# name: testerror
# type: scalar
0.7475000000000001


