# Created by Octave 3.6.4, Fri Apr 10 21:29:57 2015 EEST <kt@stage51>
# name: trainerror
# type: scalar
0.9868


# name: testerror
# type: scalar
0.85


