# Created by Octave 3.6.4, Fri Apr 10 21:30:43 2015 EEST <kt@stage43>
# name: trainerror
# type: scalar
0.7744


# name: testerror
# type: scalar
0.6975


