# Created by Octave 3.6.4, Fri Apr 10 21:41:19 2015 EEST <kt@stage51>
# name: trainerror
# type: scalar
0.4108


# name: testerror
# type: scalar
0.335


