# Created by Octave 3.6.4, Fri Apr 10 21:33:23 2015 EEST <kt@stage103>
# name: trainerror
# type: scalar
0.9292


# name: testerror
# type: scalar
0.8675


