# Created by Octave 3.6.4, Fri Apr 10 21:54:57 2015 EEST <kt@stage97>
# name: trainerror
# type: scalar
0.8234


# name: testerror
# type: scalar
0.66


