# Created by Octave 3.6.4, Fri Apr 10 21:22:05 2015 EEST <kt@stage41>
# name: trainerror
# type: scalar
0.582


# name: testerror
# type: scalar
0.5600000000000001


