# Created by Octave 3.6.4, Fri Apr 10 21:48:00 2015 EEST <kt@stage98>
# name: trainerror
# type: scalar
0.8138


# name: testerror
# type: scalar
0.6425


