# Created by Octave 3.6.4, Fri Apr 10 22:16:57 2015 EEST <kt@stage57>
# name: trainerror
# type: scalar
0.9836


# name: testerror
# type: scalar
0.7925


