# Created by Octave 3.6.4, Fri Apr 10 22:07:07 2015 EEST <kt@stage49>
# name: trainerror
# type: scalar
0.8598


# name: testerror
# type: scalar
0.655


