# Created by Octave 3.6.4, Fri Apr 10 21:57:11 2015 EEST <kt@stage54>
# name: trainerror
# type: scalar
0.9508


# name: testerror
# type: scalar
0.7675


