# Created by Octave 3.6.4, Fri Apr 10 22:23:48 2015 EEST <kt@stage96>
# name: trainerror
# type: scalar
0.8908


# name: testerror
# type: scalar
0.7475000000000001


