# Created by Octave 3.6.4, Fri Apr 10 21:52:49 2015 EEST <kt@stage49>
# name: trainerror
# type: scalar
0.7068


# name: testerror
# type: scalar
0.6075


