# Created by Octave 3.6.4, Fri Apr 10 21:58:33 2015 EEST <kt@stage41>
# name: trainerror
# type: scalar
0.6316000000000001


# name: testerror
# type: scalar
0.5175


