# Created by Octave 3.6.4, Fri Apr 10 22:19:02 2015 EEST <kt@stage43>
# name: trainerror
# type: scalar
0.848


# name: testerror
# type: scalar
0.705


