# Created by Octave 3.6.4, Fri Apr 10 21:34:02 2015 EEST <kt@stage53>
# name: trainerror
# type: scalar
0.9902


# name: testerror
# type: scalar
0.8625


