# Created by Octave 3.6.4, Fri Apr 10 21:40:14 2015 EEST <kt@stage51>
# name: trainerror
# type: scalar
0.9878


# name: testerror
# type: scalar
0.8175


