# Created by Octave 3.6.4, Fri Apr 10 21:34:33 2015 EEST <kt@stage49>
# name: trainerror
# type: scalar
0.4096


# name: testerror
# type: scalar
0.3925


