# Created by Octave 3.6.4, Fri Apr 10 21:23:27 2015 EEST <kt@stage49>
# name: trainerror
# type: scalar
0.3402


# name: testerror
# type: scalar
0.3175


