# Created by Octave 3.6.4, Fri Apr 10 21:39:40 2015 EEST <kt@stage98>
# name: trainerror
# type: scalar
0.9074


# name: testerror
# type: scalar
0.8175


