# Created by Octave 3.6.4, Fri Apr 10 20:46:06 2015 EEST <kt@stage135>
# name: trainerror
# type: scalar
0.239


# name: testerror
# type: scalar
0.24


