# Created by Octave 3.6.4, Fri Apr 10 21:22:25 2015 EEST <kt@stage42>
# name: trainerror
# type: scalar
0.7494


# name: testerror
# type: scalar
0.6850000000000001


