# Created by Octave 3.6.4, Fri Apr 10 21:35:46 2015 EEST <kt@stage101>
# name: trainerror
# type: scalar
0.7452


# name: testerror
# type: scalar
0.65


