# Created by Octave 3.6.4, Fri Apr 10 22:09:29 2015 EEST <kt@stage43>
# name: trainerror
# type: scalar
0.8874


# name: testerror
# type: scalar
0.6850000000000001


