# Created by Octave 3.6.4, Fri Apr 10 21:37:05 2015 EEST <kt@stage56>
# name: trainerror
# type: scalar
0.7306


# name: testerror
# type: scalar
0.635


