# Created by Octave 3.6.4, Fri Apr 10 21:29:01 2015 EEST <kt@stage58>
# name: trainerror
# type: scalar
0.9498


# name: testerror
# type: scalar
0.8825


