# Created by Octave 3.6.4, Fri Apr 10 21:57:06 2015 EEST <kt@stage42>
# name: trainerror
# type: scalar
0.7393999999999999


# name: testerror
# type: scalar
0.6375


