# Created by Octave 3.6.4, Fri Apr 10 21:40:34 2015 EEST <kt@stage101>
# name: trainerror
# type: scalar
0.9644


# name: testerror
# type: scalar
0.78


