# Created by Octave 3.6.4, Fri Apr 10 22:38:32 2015 EEST <kt@stage40>
# name: trainerror
# type: scalar
0.7368


# name: testerror
# type: scalar
0.66


