# Created by Octave 3.6.4, Fri Apr 10 21:22:49 2015 EEST <kt@stage101>
# name: trainerror
# type: scalar
0.4658


# name: testerror
# type: scalar
0.405


