# Created by Octave 3.6.4, Fri Apr 10 21:27:14 2015 EEST <kt@stage46>
# name: trainerror
# type: scalar
0.3524


# name: testerror
# type: scalar
0.3475


