# Created by Octave 3.6.4, Fri Apr 10 22:55:55 2015 EEST <kt@stage102>
# name: trainerror
# type: scalar
0.9836


# name: testerror
# type: scalar
0.825


