# Created by Octave 3.6.4, Fri Apr 10 21:53:52 2015 EEST <kt@stage42>
# name: trainerror
# type: scalar
0.8676


# name: testerror
# type: scalar
0.7275


