# Created by Octave 3.6.4, Fri Apr 10 21:43:55 2015 EEST <kt@stage102>
# name: trainerror
# type: scalar
0.9714


# name: testerror
# type: scalar
0.7975


