# Created by Octave 3.6.4, Fri Apr 10 21:52:25 2015 EEST <kt@stage57>
# name: trainerror
# type: scalar
0.8925999999999999


# name: testerror
# type: scalar
0.7175


