# Created by Octave 3.6.4, Fri Apr 10 21:43:02 2015 EEST <kt@stage56>
# name: trainerror
# type: scalar
0.9916


# name: testerror
# type: scalar
0.86


