# Created by Octave 3.6.4, Fri Apr 10 21:49:23 2015 EEST <kt@stage41>
# name: trainerror
# type: scalar
0.7264


# name: testerror
# type: scalar
0.6274999999999999


