# Created by Octave 3.6.4, Fri Apr 10 22:13:19 2015 EEST <kt@stage41>
# name: trainerror
# type: scalar
0.7104


# name: testerror
# type: scalar
0.58


