# Created by Octave 3.6.4, Fri Apr 10 21:50:18 2015 EEST <kt@stage42>
# name: trainerror
# type: scalar
0.489


# name: testerror
# type: scalar
0.4475


