# Created by Octave 3.6.4, Fri Apr 10 21:45:52 2015 EEST <kt@stage99>
# name: trainerror
# type: scalar
0.533


# name: testerror
# type: scalar
0.5125


