# Created by Octave 3.6.4, Fri Apr 10 21:38:12 2015 EEST <kt@stage58>
# name: trainerror
# type: scalar
0.9964


# name: testerror
# type: scalar
0.8275


