# Created by Octave 3.6.4, Fri Apr 10 21:54:28 2015 EEST <kt@stage50>
# name: trainerror
# type: scalar
0.9836


# name: testerror
# type: scalar
0.8575


