# Created by Octave 3.6.4, Fri Apr 10 21:34:57 2015 EEST <kt@stage99>
# name: trainerror
# type: scalar
0.7768


# name: testerror
# type: scalar
0.7375


