# Created by Octave 3.6.4, Fri Apr 10 21:39:55 2015 EEST <kt@stage101>
# name: trainerror
# type: scalar
0.5384


# name: testerror
# type: scalar
0.4725


