# Created by Octave 3.6.4, Fri Apr 10 21:50:47 2015 EEST <kt@stage57>
# name: trainerror
# type: scalar
0.9798


# name: testerror
# type: scalar
0.82


