# Created by Octave 3.6.4, Fri Apr 10 21:45:04 2015 EEST <kt@stage97>
# name: trainerror
# type: scalar
0.8288


# name: testerror
# type: scalar
0.6850000000000001


