# Created by Octave 3.6.4, Fri Apr 10 21:53:34 2015 EEST <kt@stage46>
# name: trainerror
# type: scalar
0.4336


# name: testerror
# type: scalar
0.3825


