# Created by Octave 3.6.4, Fri Apr 10 22:01:00 2015 EEST <kt@stage55>
# name: trainerror
# type: scalar
0.9826


# name: testerror
# type: scalar
0.8149999999999999


