# Created by Octave 3.6.4, Fri Apr 10 21:17:58 2015 EEST <kt@stage45>
# name: trainerror
# type: scalar
0.2204


# name: testerror
# type: scalar
0.24


