# Created by Octave 3.6.4, Fri Apr 10 22:06:03 2015 EEST <kt@stage43>
# name: trainerror
# type: scalar
0.841


# name: testerror
# type: scalar
0.71


