# Created by Octave 3.6.4, Fri Apr 10 22:05:43 2015 EEST <kt@stage41>
# name: trainerror
# type: scalar
0.6702


# name: testerror
# type: scalar
0.5875


