# Created by Octave 3.6.4, Fri Apr 10 21:56:07 2015 EEST <kt@stage46>
# name: trainerror
# type: scalar
0.2784


# name: testerror
# type: scalar
0.27


