# Created by Octave 3.6.4, Fri Apr 10 21:38:35 2015 EEST <kt@stage55>
# name: trainerror
# type: scalar
0.9896


# name: testerror
# type: scalar
0.8575


