# Created by Octave 3.6.4, Fri Apr 10 21:32:34 2015 EEST <kt@stage45>
# name: trainerror
# type: scalar
0.3998


# name: testerror
# type: scalar
0.385


