# Created by Octave 3.6.4, Fri Apr 10 21:36:45 2015 EEST <kt@stage135>
# name: trainerror
# type: scalar
0.349


# name: testerror
# type: scalar
0.35


