# Created by Octave 3.6.4, Fri Apr 10 22:04:56 2015 EEST <kt@stage49>
# name: trainerror
# type: scalar
0.9542


# name: testerror
# type: scalar
0.7275


