# Created by Octave 3.6.4, Fri Apr 10 21:47:04 2015 EEST <kt@stage53>
# name: trainerror
# type: scalar
0.9908


# name: testerror
# type: scalar
0.8375


