# Created by Octave 3.6.4, Fri Apr 10 22:05:37 2015 EEST <kt@stage102>
# name: trainerror
# type: scalar
0.9694


# name: testerror
# type: scalar
0.795


