# Created by Octave 3.6.4, Fri Apr 10 21:43:02 2015 EEST <kt@stage51>
# name: trainerror
# type: scalar
0.803


# name: testerror
# type: scalar
0.6775


