# Created by Octave 3.6.4, Fri Apr 10 21:43:11 2015 EEST <kt@stage52>
# name: trainerror
# type: scalar
0.9419999999999999


# name: testerror
# type: scalar
0.87


