# Created by Octave 3.6.4, Fri Apr 10 21:33:55 2015 EEST <kt@stage51>
# name: trainerror
# type: scalar
0.9429999999999999


# name: testerror
# type: scalar
0.8675


