# Created by Octave 3.6.4, Fri Apr 10 22:11:01 2015 EEST <kt@stage51>
# name: trainerror
# type: scalar
0.9088000000000001


# name: testerror
# type: scalar
0.7975


