# Created by Octave 3.6.4, Fri Apr 10 22:16:13 2015 EEST <kt@stage54>
# name: trainerror
# type: scalar
0.9671999999999999


# name: testerror
# type: scalar
0.7875


