# Created by Octave 3.6.4, Fri Apr 10 21:43:57 2015 EEST <kt@stage103>
# name: trainerror
# type: scalar
0.9754


# name: testerror
# type: scalar
0.8325


