# Created by Octave 3.6.4, Fri Apr 10 21:47:28 2015 EEST <kt@stage55>
# name: trainerror
# type: scalar
0.9744


# name: testerror
# type: scalar
0.835


