# Created by Octave 3.6.4, Fri Apr 10 21:37:46 2015 EEST <kt@stage55>
# name: trainerror
# type: scalar
0.9923999999999999


# name: testerror
# type: scalar
0.8525


