# Created by Octave 3.6.4, Fri Apr 10 22:15:58 2015 EEST <kt@stage51>
# name: trainerror
# type: scalar
0.853


# name: testerror
# type: scalar
0.6975


