# Created by Octave 3.6.4, Fri Apr 10 21:18:41 2015 EEST <kt@stage51>
# name: trainerror
# type: scalar
0.2256


# name: testerror
# type: scalar
0.205


