# Created by Octave 3.6.4, Fri Apr 10 21:38:01 2015 EEST <kt@stage58>
# name: trainerror
# type: scalar
0.9942


# name: testerror
# type: scalar
0.8100000000000001


