# Created by Octave 3.6.4, Fri Apr 10 21:27:36 2015 EEST <kt@stage42>
# name: trainerror
# type: scalar
0.4632


# name: testerror
# type: scalar
0.4325


