# Created by Octave 3.6.4, Fri Apr 10 21:21:19 2015 EEST <kt@stage96>
# name: trainerror
# type: scalar
0.41


# name: testerror
# type: scalar
0.3725


