# Created by Octave 3.6.4, Fri Apr 10 21:51:54 2015 EEST <kt@stage51>
# name: trainerror
# type: scalar
0.7232


# name: testerror
# type: scalar
0.605


