# Created by Octave 3.6.4, Fri Apr 10 22:04:19 2015 EEST <kt@stage52>
# name: trainerror
# type: scalar
0.9798


# name: testerror
# type: scalar
0.825


