# Created by Octave 3.6.4, Fri Apr 10 21:43:50 2015 EEST <kt@stage54>
# name: trainerror
# type: scalar
0.854


# name: testerror
# type: scalar
0.695


