# Created by Octave 3.6.4, Fri Apr 10 21:55:07 2015 EEST <kt@stage103>
# name: trainerror
# type: scalar
0.9846


# name: testerror
# type: scalar
0.8


