# Created by Octave 3.6.4, Fri Apr 10 22:05:55 2015 EEST <kt@stage49>
# name: trainerror
# type: scalar
0.8312


# name: testerror
# type: scalar
0.6575


