# Created by Octave 3.6.4, Fri Apr 10 21:34:40 2015 EEST <kt@stage57>
# name: trainerror
# type: scalar
0.9918


# name: testerror
# type: scalar
0.8725000000000001


