# Created by Octave 3.6.4, Fri Apr 10 21:50:12 2015 EEST <kt@stage96>
# name: trainerror
# type: scalar
0.8566


# name: testerror
# type: scalar
0.705


