# Created by Octave 3.6.4, Fri Apr 10 22:17:05 2015 EEST <kt@stage96>
# name: trainerror
# type: scalar
0.88


# name: testerror
# type: scalar
0.745


