# Created by Octave 3.6.4, Fri Apr 10 21:51:55 2015 EEST <kt@stage49>
# name: trainerror
# type: scalar
0.9472


# name: testerror
# type: scalar
0.775


