# Created by Octave 3.6.4, Fri Apr 10 21:51:37 2015 EEST <kt@stage97>
# name: trainerror
# type: scalar
0.8742


# name: testerror
# type: scalar
0.7425


