# Created by Octave 3.6.4, Fri Apr 10 21:29:43 2015 EEST <kt@stage42>
# name: trainerror
# type: scalar
0.6716


# name: testerror
# type: scalar
0.6274999999999999


