# Created by Octave 3.6.4, Fri Apr 10 22:05:58 2015 EEST <kt@stage54>
# name: trainerror
# type: scalar
0.9086


# name: testerror
# type: scalar
0.72


