# Created by Octave 3.6.4, Fri Apr 10 21:28:21 2015 EEST <kt@stage50>
# name: trainerror
# type: scalar
0.9452


# name: testerror
# type: scalar
0.87


