# Created by Octave 3.6.4, Fri Apr 10 22:30:56 2015 EEST <kt@stage55>
# name: trainerror
# type: scalar
0.9604


# name: testerror
# type: scalar
0.7875


