# Created by Octave 3.6.4, Fri Apr 10 21:12:38 2015 EEST <kt@stage47>
# name: trainerror
# type: scalar
0.2308


# name: testerror
# type: scalar
0.2725


