# Created by Octave 3.6.4, Fri Apr 10 21:50:40 2015 EEST <kt@stage98>
# name: trainerror
# type: scalar
0.9508


# name: testerror
# type: scalar
0.7675


