# Created by Octave 3.6.4, Fri Apr 10 21:29:59 2015 EEST <kt@stage45>
# name: trainerror
# type: scalar
0.3548


# name: testerror
# type: scalar
0.355


