# Created by Octave 3.6.4, Fri Apr 10 21:52:02 2015 EEST <kt@stage103>
# name: trainerror
# type: scalar
0.9762


# name: testerror
# type: scalar
0.8025


