# Created by Octave 3.6.4, Fri Apr 10 21:51:59 2015 EEST <kt@stage50>
# name: trainerror
# type: scalar
0.968


# name: testerror
# type: scalar
0.8275


