# Created by Octave 3.6.4, Fri Apr 10 21:52:51 2015 EEST <kt@stage100>
# name: trainerror
# type: scalar
0.9684


# name: testerror
# type: scalar
0.805


