# Created by Octave 3.6.4, Fri Apr 10 22:00:47 2015 EEST <kt@stage40>
# name: trainerror
# type: scalar
0.7514


# name: testerror
# type: scalar
0.615


