# Created by Octave 3.6.4, Fri Apr 10 22:02:08 2015 EEST <kt@stage98>
# name: trainerror
# type: scalar
0.4586


# name: testerror
# type: scalar
0.38


