# Created by Octave 3.6.4, Fri Apr 10 22:06:18 2015 EEST <kt@stage98>
# name: trainerror
# type: scalar
0.9228


# name: testerror
# type: scalar
0.7625


