# Created by Octave 3.6.4, Fri Apr 10 22:10:18 2015 EEST <kt@stage49>
# name: trainerror
# type: scalar
0.976


# name: testerror
# type: scalar
0.8075


