# Created by Octave 3.6.4, Fri Apr 10 21:44:07 2015 EEST <kt@stage46>
# name: trainerror
# type: scalar
0.4374


# name: testerror
# type: scalar
0.4075


