# Created by Octave 3.6.4, Fri Apr 10 22:00:41 2015 EEST <kt@stage41>
# name: trainerror
# type: scalar
0.5972


# name: testerror
# type: scalar
0.5024999999999999


