# Created by Octave 3.6.4, Fri Apr 10 21:28:31 2015 EEST <kt@stage46>
# name: trainerror
# type: scalar
0.3232


# name: testerror
# type: scalar
0.3075


