# Created by Octave 3.6.4, Fri Apr 10 21:53:54 2015 EEST <kt@stage135>
# name: trainerror
# type: scalar
0.4132


# name: testerror
# type: scalar
0.3725


