# Created by Octave 3.6.4, Fri Apr 10 22:03:52 2015 EEST <kt@stage42>
# name: trainerror
# type: scalar
0.6832


# name: testerror
# type: scalar
0.57


