# Created by Octave 3.6.4, Fri Apr 10 21:40:12 2015 EEST <kt@stage97>
# name: trainerror
# type: scalar
0.6244


# name: testerror
# type: scalar
0.555


