# Created by Octave 3.6.4, Fri Apr 10 21:29:34 2015 EEST <kt@stage102>
# name: trainerror
# type: scalar
0.9316


# name: testerror
# type: scalar
0.86


