# Created by Octave 3.6.4, Fri Apr 10 21:34:45 2015 EEST <kt@stage96>
# name: trainerror
# type: scalar
0.5816


# name: testerror
# type: scalar
0.505


