# Created by Octave 3.6.4, Fri Apr 10 21:43:17 2015 EEST <kt@stage100>
# name: trainerror
# type: scalar
0.9742


# name: testerror
# type: scalar
0.8149999999999999


