# Created by Octave 3.6.4, Fri Apr 10 21:52:43 2015 EEST <kt@stage47>
# name: trainerror
# type: scalar
0.3992


# name: testerror
# type: scalar
0.4025


