# Created by Octave 3.6.4, Fri Apr 10 21:51:20 2015 EEST <kt@stage100>
# name: trainerror
# type: scalar
0.7642


# name: testerror
# type: scalar
0.6274999999999999


