# Created by Octave 3.6.4, Fri Apr 10 22:07:33 2015 EEST <kt@stage56>
# name: trainerror
# type: scalar
0.841


# name: testerror
# type: scalar
0.6325


