# Created by Octave 3.6.4, Fri Apr 10 21:37:54 2015 EEST <kt@stage58>
# name: trainerror
# type: scalar
0.993


# name: testerror
# type: scalar
0.8825


