# Created by Octave 3.6.4, Fri Apr 10 21:25:09 2015 EEST <kt@stage55>
# name: trainerror
# type: scalar
0.9448


# name: testerror
# type: scalar
0.89


