# Created by Octave 3.6.4, Fri Apr 10 21:42:49 2015 EEST <kt@stage52>
# name: trainerror
# type: scalar
0.9902


# name: testerror
# type: scalar
0.805


