# Created by Octave 3.6.4, Fri Apr 10 21:22:30 2015 EEST <kt@stage40>
# name: trainerror
# type: scalar
0.5594


# name: testerror
# type: scalar
0.5325


