# Created by Octave 3.6.4, Fri Apr 10 21:18:48 2015 EEST <kt@stage51>
# name: trainerror
# type: scalar
0.5248


# name: testerror
# type: scalar
0.5024999999999999


