# Created by Octave 3.6.4, Fri Apr 10 21:29:29 2015 EEST <kt@stage96>
# name: trainerror
# type: scalar
0.6830000000000001


# name: testerror
# type: scalar
0.62


