# Created by Octave 3.6.4, Fri Apr 10 21:16:24 2015 EEST <kt@stage135>
# name: trainerror
# type: scalar
0.227


# name: testerror
# type: scalar
0.2575


