# Created by Octave 3.6.4, Fri Apr 10 21:42:47 2015 EEST <kt@stage53>
# name: trainerror
# type: scalar
0.9913999999999999


# name: testerror
# type: scalar
0.8425


