# Created by Octave 3.6.4, Fri Apr 10 21:43:09 2015 EEST <kt@stage55>
# name: trainerror
# type: scalar
0.9964


# name: testerror
# type: scalar
0.8425


