# Created by Octave 3.6.4, Fri Apr 10 22:00:51 2015 EEST <kt@stage40>
# name: trainerror
# type: scalar
0.6336000000000001


# name: testerror
# type: scalar
0.53


