# Created by Octave 3.6.4, Fri Apr 10 22:09:48 2015 EEST <kt@stage52>
# name: trainerror
# type: scalar
0.908


# name: testerror
# type: scalar
0.7425


