# Created by Octave 3.6.4, Fri Apr 10 21:45:03 2015 EEST <kt@stage47>
# name: trainerror
# type: scalar
0.457


# name: testerror
# type: scalar
0.4175


