# Created by Octave 3.6.4, Fri Apr 10 21:59:24 2015 EEST <kt@stage100>
# name: trainerror
# type: scalar
0.8762


# name: testerror
# type: scalar
0.765


