# Created by Octave 3.6.4, Fri Apr 10 21:33:03 2015 EEST <kt@stage41>
# name: trainerror
# type: scalar
0.6066


# name: testerror
# type: scalar
0.5475


