# Created by Octave 3.6.4, Fri Apr 10 21:39:17 2015 EEST <kt@stage58>
# name: trainerror
# type: scalar
0.9926


# name: testerror
# type: scalar
0.875


