# Created by Octave 3.6.4, Fri Apr 10 21:31:09 2015 EEST <kt@stage56>
# name: trainerror
# type: scalar
0.419


# name: testerror
# type: scalar
0.3625


