# Created by Octave 3.6.4, Fri Apr 10 22:10:13 2015 EEST <kt@stage56>
# name: trainerror
# type: scalar
0.8792


# name: testerror
# type: scalar
0.7375


