# Created by Octave 3.6.4, Fri Apr 10 21:18:14 2015 EEST <kt@stage56>
# name: trainerror
# type: scalar
0.5774


# name: testerror
# type: scalar
0.5675


