# Created by Octave 3.6.4, Fri Apr 10 21:47:36 2015 EEST <kt@stage41>
# name: trainerror
# type: scalar
0.4222


# name: testerror
# type: scalar
0.39


