# Created by Octave 3.6.4, Fri Apr 10 22:04:20 2015 EEST <kt@stage103>
# name: trainerror
# type: scalar
0.9824000000000001


# name: testerror
# type: scalar
0.84


