# Created by Octave 3.6.4, Fri Apr 10 21:16:34 2015 EEST <kt@stage46>
# name: trainerror
# type: scalar
0.223


# name: testerror
# type: scalar
0.2425


