# Created by Octave 3.6.4, Fri Apr 10 21:43:46 2015 EEST <kt@stage53>
# name: trainerror
# type: scalar
0.9836


# name: testerror
# type: scalar
0.8149999999999999


