# Created by Octave 3.6.4, Fri Apr 10 21:21:28 2015 EEST <kt@stage43>
# name: trainerror
# type: scalar
0.796


# name: testerror
# type: scalar
0.705


