# Created by Octave 3.6.4, Fri Apr 10 21:31:51 2015 EEST <kt@stage46>
# name: trainerror
# type: scalar
0.3192


# name: testerror
# type: scalar
0.305


