# Created by Octave 3.6.4, Fri Apr 10 22:14:37 2015 EEST <kt@stage40>
# name: trainerror
# type: scalar
0.6776


# name: testerror
# type: scalar
0.5525


