# Created by Octave 3.6.4, Fri Apr 10 22:37:48 2015 EEST <kt@stage97>
# name: trainerror
# type: scalar
0.9022


# name: testerror
# type: scalar
0.7425


