# Created by Octave 3.6.4, Fri Apr 10 22:07:49 2015 EEST <kt@stage100>
# name: trainerror
# type: scalar
0.919


# name: testerror
# type: scalar
0.73


