# Created by Octave 3.6.4, Fri Apr 10 21:39:24 2015 EEST <kt@stage103>
# name: trainerror
# type: scalar
0.9304


# name: testerror
# type: scalar
0.8625


