# Created by Octave 3.6.4, Fri Apr 10 21:46:52 2015 EEST <kt@stage58>
# name: trainerror
# type: scalar
0.9946


# name: testerror
# type: scalar
0.8675


