# Created by Octave 3.6.4, Fri Apr 10 21:53:42 2015 EEST <kt@stage58>
# name: trainerror
# type: scalar
0.988


# name: testerror
# type: scalar
0.8125


