# Created by Octave 3.6.4, Fri Apr 10 21:44:30 2015 EEST <kt@stage40>
# name: trainerror
# type: scalar
0.6924


# name: testerror
# type: scalar
0.5925


