# Created by Octave 3.6.4, Fri Apr 10 21:43:39 2015 EEST <kt@stage98>
# name: trainerror
# type: scalar
0.9042


# name: testerror
# type: scalar
0.7425


