# Created by Octave 3.6.4, Fri Apr 10 21:22:06 2015 EEST <kt@stage47>
# name: trainerror
# type: scalar
0.436


# name: testerror
# type: scalar
0.405


