# Created by Octave 3.6.4, Fri Apr 10 21:51:15 2015 EEST <kt@stage56>
# name: trainerror
# type: scalar
0.8652


# name: testerror
# type: scalar
0.715


