# Created by Octave 3.6.4, Fri Apr 10 21:23:32 2015 EEST <kt@stage51>
# name: trainerror
# type: scalar
0.4148


# name: testerror
# type: scalar
0.405


