# Created by Octave 3.6.4, Fri Apr 10 21:35:27 2015 EEST <kt@stage46>
# name: trainerror
# type: scalar
0.2564


# name: testerror
# type: scalar
0.2575


