# Created by Octave 3.6.4, Fri Apr 10 21:56:48 2015 EEST <kt@stage102>
# name: trainerror
# type: scalar
0.9718


# name: testerror
# type: scalar
0.825


