# Created by Octave 3.6.4, Fri Apr 10 21:42:18 2015 EEST <kt@stage57>
# name: trainerror
# type: scalar
0.9844000000000001


# name: testerror
# type: scalar
0.84


