# Created by Octave 3.6.4, Fri Apr 10 21:46:30 2015 EEST <kt@stage51>
# name: trainerror
# type: scalar
0.44


# name: testerror
# type: scalar
0.4


