# Created by Octave 3.6.4, Fri Apr 10 21:50:29 2015 EEST <kt@stage56>
# name: trainerror
# type: scalar
0.9862


# name: testerror
# type: scalar
0.845


