# Created by Octave 3.6.4, Fri Apr 10 21:10:49 2015 EEST <kt@stage50>
# name: trainerror
# type: scalar
0.1126


# name: testerror
# type: scalar
0.1425


