# Created by Octave 3.6.4, Fri Apr 10 21:49:33 2015 EEST <kt@stage41>
# name: trainerror
# type: scalar
0.5332


# name: testerror
# type: scalar
0.465


