# Created by Octave 3.6.4, Fri Apr 10 22:11:09 2015 EEST <kt@stage97>
# name: trainerror
# type: scalar
0.8982


# name: testerror
# type: scalar
0.74


