# Created by Octave 3.6.4, Fri Apr 10 21:18:44 2015 EEST <kt@stage135>
# name: trainerror
# type: scalar
0.268


# name: testerror
# type: scalar
0.2925


