# Created by Octave 3.6.4, Fri Apr 10 22:31:59 2015 EEST <kt@stage57>
# name: trainerror
# type: scalar
0.9574


# name: testerror
# type: scalar
0.7475000000000001


