# Created by Octave 3.6.4, Fri Apr 10 21:55:51 2015 EEST <kt@stage101>
# name: trainerror
# type: scalar
0.9418


# name: testerror
# type: scalar
0.7875


