# Created by Octave 3.6.4, Fri Apr 10 21:33:40 2015 EEST <kt@stage41>
# name: trainerror
# type: scalar
0.5649999999999999


# name: testerror
# type: scalar
0.515


