# Created by Octave 3.6.4, Fri Apr 10 21:30:10 2015 EEST <kt@stage52>
# name: trainerror
# type: scalar
0.7618


# name: testerror
# type: scalar
0.7425


