# Created by Octave 3.6.4, Fri Apr 10 21:26:52 2015 EEST <kt@stage102>
# name: trainerror
# type: scalar
0.9232


# name: testerror
# type: scalar
0.8675


