# Created by Octave 3.6.4, Fri Apr 10 22:10:30 2015 EEST <kt@stage52>
# name: trainerror
# type: scalar
0.9808


# name: testerror
# type: scalar
0.8275


