# Created by Octave 3.8.1, Mon Apr 27 09:18:02 2015 EEST <joonatan@HomerSimpson>
# name: train_results
# type: matrix
# ndims: 3
 10 10 10
 0.2216
 0.316
 0.3122
 0.3574
 0.331
 0.3982
 0.3306
 0.3316
 0.3228
 0.321
 0.2238
 0.3172
 0.3766
 0.384
 0.43
 0.452
 0.4044
 0.3306
 0.4476
 0.4098
 0.234
 0.3336
 0.3512
 0.3238
 0.407
 0.3712
 0.3674
 0.4132
 0.394
 0.365
 0.2214
 0.3426
 0.3118
 0.3282
 0.3906
 0.406
 0.3222
 0.3372
 0.4016
 0.492
 0.2336
 0.3224
 0.4064
 0.405
 0.4078
 0.4838
 0.4226
 0.3948
 0.3444
 0.3482
 0.2404
 0.3136
 0.3056
 0.3034
 0.3602
 0.3952
 0.4024
 0.4394
 0.4616
 0.37
 0.2234
 0.3286
 0.315
 0.3566
 0.3126
 0.3964
 0.4132
 0.4012
 0.374
 0.4368
 0.2166
 0.2956
 0.3176
 0.404
 0.3258
 0.4942
 0.3648
 0.3926
 0.3434
 0.4924
 0.2244
 0.349
 0.3742
 0.4176
 0.4254
 0.3378
 0.4514
 0.4042
 0.326
 0.4804
 0.2242
 0.2232
 0.3916
 0.3274
 0.3964
 0.358
 0.388
 0.369
 0.3626
 0.4072
 0.2336
 0.3144
 0.3302
 0.397
 0.4006
 0.3622
 0.4376
 0.5308
 0.4882
 0.3832
 0.2208
 0.328
 0.3176
 0.4762
 0.5928
 0.48
 0.5688
 0.4494
 0.549
 0.6524
 0.2532
 0.344
 0.5326
 0.5782
 0.4818
 0.5782
 0.41
 0.4984
 0.6996
 0.5185999999999999
 0.2326
 0.3204
 0.4432
 0.505
 0.5854
 0.6692
 0.6712
 0.758
 0.6424
 0.539
 0.2994
 0.331
 0.4456
 0.4348
 0.4266
 0.5588
 0.5294
 0.648
 0.6472
 0.7302
 0.245
 0.3228
 0.4244
 0.5256
 0.4972
 0.4786
 0.601
 0.6889999999999999
 0.6598000000000001
 0.713
 0.2492
 0.3518
 0.4236
 0.4006
 0.5006
 0.6458
 0.6262
 0.4762
 0.499
 0.5998
 0.2258
 0.321
 0.4808
 0.5014
 0.533
 0.5404
 0.4684
 0.5616
 0.627
 0.6588000000000001
 0.2672
 0.3266
 0.5798
 0.4848
 0.5616
 0.5426
 0.6388
 0.6372
 0.6242
 0.6138
 0.3124
 0.323
 0.4798
 0.6128
 0.43
 0.5336
 0.572
 0.6596
 0.6912
 0.8064
 0.2416
 0.3286
 0.3764
 0.3956
 0.424
 0.4488
 0.476
 0.4762
 0.4442
 0.504
 0.2432
 0.3528
 0.4286
 0.445
 0.5192
 0.6982
 0.6644
 0.7042
 0.665
 0.7476
 0.2826
 0.435
 0.4144
 0.6142
 0.521
 0.6354
 0.7072000000000001
 0.7151999999999999
 0.6644
 0.7248
 0.3338
 0.393
 0.4828
 0.5214
 0.6244
 0.7532
 0.7654
 0.5952
 0.5921999999999999
 0.612
 0.2866
 0.4262
 0.5866
 0.6088
 0.7128
 0.6796
 0.6562
 0.8414
 0.8132
 0.6614
 0.3372
 0.4588
 0.5734
 0.608
 0.6146
 0.602
 0.7886
 0.6008
 0.746
 0.7794
 0.2318
 0.4224
 0.5464
 0.4918
 0.6824
 0.6906
 0.6232
 0.7634
 0.7074
 0.7992
 0.3312
 0.4116
 0.6088
 0.6004
 0.7134
 0.619
 0.6278
 0.7294
 0.7302
 0.825
 0.313
 0.4694
 0.5562
 0.6802
 0.6984
 0.6978
 0.7816
 0.7141999999999999
 0.8408
 0.8648
 0.239
 0.4114
 0.5996
 0.596
 0.7258
 0.6748
 0.7108
 0.8274
 0.6848
 0.7696
 0.2378
 0.3316
 0.4022
 0.4212
 0.4558
 0.4346
 0.5834
 0.602
 0.4702
 0.586
 0.3176
 0.4048
 0.615
 0.6152
 0.6752
 0.6696
 0.708
 0.7406
 0.6978
 0.7112000000000001
 0.3158
 0.5602
 0.6908
 0.6272
 0.6786
 0.6644
 0.6938
 0.7368
 0.8038
 0.7468
 0.2214
 0.5624
 0.5276
 0.6038
 0.731
 0.7684
 0.764
 0.8202
 0.8104
 0.7988
 0.3022
 0.372
 0.5788
 0.7006
 0.623
 0.7258
 0.7694
 0.7768
 0.8586
 0.8714
 0.3392
 0.4182
 0.6092
 0.7625999999999999
 0.6986
 0.805
 0.6834
 0.8102
 0.9054
 0.9308
 0.2568
 0.4844
 0.6182
 0.7038
 0.6444
 0.8788
 0.846
 0.806
 0.8626
 0.8882
 0.3448
 0.4192
 0.4462
 0.5906
 0.7758
 0.8012
 0.8112
 0.8822
 0.8562
 0.8426
 0.2772
 0.5602
 0.6044
 0.6048
 0.7222
 0.786
 0.793
 0.7958
 0.6604
 0.847
 0.3092
 0.4514
 0.641
 0.7196
 0.8746
 0.7072000000000001
 0.7502
 0.7884
 0.8388
 0.8798
 0.2456
 0.3106
 0.4106
 0.365
 0.4152
 0.4252
 0.4966
 0.4698
 0.4242
 0.4904
 0.2676
 0.519
 0.5444
 0.5852000000000001
 0.6446
 0.8224
 0.775
 0.6802
 0.7784
 0.7374000000000001
 0.299
 0.5864
 0.5664
 0.608
 0.7704
 0.6906
 0.7704
 0.915
 0.902
 0.8892
 0.3222
 0.5426
 0.5286
 0.5488
 0.7458
 0.8616
 0.8066
 0.8242
 0.9064
 0.9212
 0.3124
 0.4798
 0.5986
 0.7076
 0.7164
 0.7746
 0.831
 0.8643999999999999
 0.9004
 0.9498
 0.3272
 0.5185999999999999
 0.5754
 0.6852
 0.7658
 0.7784
 0.827
 0.9368
 0.8834
 0.917
 0.303
 0.4294
 0.5222
 0.769
 0.7048
 0.7396
 0.8162
 0.8925999999999999
 0.8764
 0.9018
 0.33
 0.4748
 0.5358000000000001
 0.7702
 0.8268
 0.9072
 0.8754
 0.9172
 0.9374
 0.9124
 0.332
 0.5054
 0.4358
 0.833
 0.7726
 0.849
 0.9137999999999999
 0.9164
 0.9568
 0.9542
 0.321
 0.5836
 0.5958
 0.695
 0.7476
 0.876
 0.846
 0.8656
 0.9548
 0.9562
 0.2358
 0.3866
 0.39
 0.4022
 0.466
 0.5298
 0.5082
 0.5284
 0.5368000000000001
 0.486
 0.2558
 0.4182
 0.4656
 0.4458
 0.6
 0.734
 0.637
 0.767
 0.762
 0.7148
 0.3198
 0.5574
 0.6384
 0.749
 0.773
 0.7887999999999999
 0.8776
 0.835
 0.8678
 0.8702
 0.291
 0.4864
 0.5376
 0.606
 0.8204
 0.7816
 0.8942
 0.8834
 0.9126
 0.9472
 0.3304
 0.5216
 0.472
 0.731
 0.7018
 0.8452
 0.9042
 0.911
 0.8036
 0.9454
 0.3102
 0.4716
 0.6614
 0.7604
 0.7552
 0.7842
 0.9318
 0.9036
 0.8628
 0.9308
 0.3742
 0.4758
 0.671
 0.694
 0.7982
 0.868
 0.8718
 0.848
 0.9004
 0.9392
 0.3318
 0.528
 0.6878
 0.7866
 0.8608
 0.8938
 0.8458
 0.9274
 0.9336
 0.9429999999999999
 0.3
 0.4726
 0.589
 0.7846
 0.6792
 0.8564000000000001
 0.8718
 0.8974
 0.8494
 0.9478
 0.3022
 0.5478
 0.7226
 0.7398
 0.886
 0.9202
 0.927
 0.9106
 0.9246
 0.9386
 0.2846
 0.4186
 0.4104
 0.4404
 0.5086000000000001
 0.5188
 0.4986
 0.5006
 0.5368000000000001
 0.5198
 0.2302
 0.4818
 0.5994
 0.6914
 0.7546
 0.5974
 0.7134
 0.795
 0.7364000000000001
 0.7488
 0.3076
 0.4232
 0.6008
 0.6654
 0.7516
 0.7818000000000001
 0.9276
 0.925
 0.892
 0.886
 0.2872
 0.5006
 0.4724
 0.6728
 0.7808
 0.8414
 0.9132
 0.8502
 0.9332
 0.9022
 0.321
 0.5962
 0.727
 0.7056
 0.7862
 0.8978
 0.7887999999999999
 0.9222
 0.9438
 0.949
 0.323
 0.4284
 0.6092
 0.739
 0.8356
 0.8862
 0.8686
 0.9216
 0.8994
 0.9322
 0.3218
 0.5026
 0.6872
 0.8078
 0.8516
 0.8808
 0.9236
 0.901
 0.9472
 0.9324
 0.3692
 0.466
 0.694
 0.7512
 0.8686
 0.8672
 0.9167999999999999
 0.9236
 0.8875999999999999
 0.9388
 0.3472
 0.425
 0.6706
 0.7877999999999999
 0.7862
 0.794
 0.8538
 0.9092
 0.919
 0.9492
 0.365
 0.4936
 0.6156
 0.8446
 0.8090000000000001
 0.8226
 0.9012
 0.9462
 0.9422
 0.947
 0.2754
 0.314
 0.4452
 0.4504
 0.5766
 0.4366
 0.5612
 0.5246
 0.5036
 0.5772
 0.317
 0.5256
 0.608
 0.7318
 0.7436
 0.6716
 0.7812
 0.7675999999999999
 0.785
 0.78
 0.3022
 0.5796
 0.5722
 0.7858000000000001
 0.7672
 0.7996
 0.8564000000000001
 0.8142
 0.8982
 0.865
 0.3378
 0.508
 0.615
 0.8110000000000001
 0.835
 0.9024
 0.8114
 0.8506
 0.917
 0.9286
 0.3714
 0.4882
 0.6962
 0.764
 0.785
 0.8008
 0.8858
 0.9389999999999999
 0.8904
 0.9462
 0.3312
 0.4676
 0.599
 0.7838000000000001
 0.8446
 0.8748
 0.882
 0.913
 0.9641999999999999
 0.9228
 0.3628
 0.5754
 0.6804
 0.8202
 0.8974
 0.907
 0.9332
 0.923
 0.9428
 0.9554
 0.313
 0.5204
 0.7386
 0.772
 0.8802
 0.8998
 0.9214
 0.9516
 0.9422
 0.9494
 0.3308
 0.6133999999999999
 0.6318
 0.8080000000000001
 0.8192
 0.8994
 0.924
 0.9386
 0.944
 0.9492
 0.3222
 0.5694
 0.7058
 0.8004
 0.8238
 0.8848
 0.9162
 0.9176
 0.9228
 0.9242
 0.2746
 0.356
 0.4244
 0.4928
 0.4512
 0.5036
 0.516
 0.42
 0.5616
 0.4936
 0.312
 0.489
 0.5198
 0.6634
 0.76
 0.7422
 0.771
 0.8134
 0.805
 0.751
 0.2318
 0.5246
 0.654
 0.6848
 0.8328
 0.9016
 0.853
 0.8566
 0.8796
 0.927
 0.2992
 0.4516
 0.6006
 0.7346
 0.7818000000000001
 0.8994
 0.8842
 0.9214
 0.926
 0.8362000000000001
 0.328
 0.579
 0.6734
 0.789
 0.7472
 0.8344
 0.9258
 0.9118000000000001
 0.9506
 0.954
 0.2776
 0.5578
 0.671
 0.7728
 0.8448
 0.843
 0.9108000000000001
 0.9228
 0.9502
 0.9416
 0.338
 0.5838
 0.7276
 0.7456
 0.8878
 0.9324
 0.9122
 0.9330000000000001
 0.9518
 0.9544
 0.291
 0.4262
 0.738
 0.876
 0.8638
 0.8976
 0.9218
 0.9502
 0.9370000000000001
 0.9602000000000001
 0.3396
 0.4954
 0.582
 0.8626
 0.8862
 0.9318
 0.873
 0.9506
 0.9492
 0.9542
 0.318
 0.5382
 0.708
 0.8626
 0.9144
 0.9068000000000001
 0.9412
 0.9137999999999999
 0.9504
 0.9436
 0.251
 0.3248
 0.3918
 0.457
 0.4692
 0.4518
 0.481
 0.5145999999999999
 0.4956
 0.5682
 0.2612
 0.3482
 0.536
 0.7006
 0.7248
 0.754
 0.8058
 0.7423999999999999
 0.8228
 0.6888
 0.3664
 0.5784
 0.6224
 0.7556
 0.792
 0.8362000000000001
 0.865
 0.928
 0.903
 0.9324
