# Created by Octave 3.8.1, Fri Apr 24 15:26:22 2015 EEST <joonatan@HomerSimpson>
# name: test_results
# type: matrix
# rows: 10
# columns: 10
 0.2425 0.285 0.2725 0.31 0.2425 0.335 0.3325 0.335 0.28 0.3225
 0.33 0.435 0.425 0.43 0.5 0.4775 0.515 0.4975 0.51 0.5125
 0.3875 0.4725 0.4775 0.68 0.6075 0.585 0.6025 0.6925 0.68 0.66
 0.3425 0.575 0.6775 0.6825 0.6775 0.7125 0.735 0.7975 0.7925 0.8
 0.325 0.5125 0.6375 0.765 0.76 0.7475000000000001 0.84 0.84 0.7524999999999999 0.8100000000000001
 0.45 0.6575 0.66 0.73 0.8275 0.845 0.8025 0.8475 0.86 0.8575
 0.41 0.525 0.7125 0.775 0.805 0.8375 0.87 0.8825 0.835 0.8725000000000001
 0.415 0.6175 0.7575 0.85 0.835 0.8774999999999999 0.8525 0.8774999999999999 0.8825 0.8925
 0.4525 0.6825 0.695 0.84 0.85 0.84 0.8675 0.8825 0.8875 0.8875
 0.3975 0.6725 0.7225 0.83 0.8625 0.8675 0.8725000000000001 0.885 0.9125 0.895


# name: train_results
# type: matrix
# rows: 10
# columns: 10
 0.2264 0.2886 0.29 0.3136 0.2298 0.3482 0.3414 0.3062 0.2682 0.302
 0.3276 0.4536 0.4788 0.4308 0.5185999999999999 0.4884 0.5498 0.532 0.5478 0.536
 0.4066 0.5 0.4898 0.7406 0.6456 0.6304 0.6616 0.7802 0.7624 0.6944
 0.3354 0.5972 0.7146 0.779 0.7558 0.8012 0.8332000000000001 0.8562 0.8602 0.8914
 0.346 0.5244 0.6536 0.845 0.8378 0.8506 0.9338 0.9096 0.8156 0.851
 0.4586 0.6966 0.719 0.8292 0.8978 0.9358 0.8666 0.923 0.9409999999999999 0.9304
 0.4018 0.5276 0.7588 0.8646 0.9186 0.9408 0.9304 0.9514 0.9366 0.9546
 0.4294 0.675 0.8124 0.9330000000000001 0.9342 0.9644 0.944 0.9594 0.9661999999999999 0.9671999999999999
 0.449 0.7356 0.784 0.9204 0.9564 0.9448 0.9438 0.9726 0.9646 0.9584
 0.4126 0.7322 0.787 0.9127999999999999 0.9574 0.9616 0.967 0.9654 0.9671999999999999 0.9618


