# Created by Octave 3.6.4, Fri Apr 10 20:42:57 2015 EEST <kt@stage135>
# name: trainerror
# type: scalar
0.2256


# name: testerror
# type: scalar
0.245


